-0.826063
-0.903399
-0.961892
-0.995158
-1.000000
-0.976787
-0.929360
-0.864491
-0.626820
-0.554291
-0.327868
-0.119406
-0.098273
0.225823
0.197372
0.148721
0.250395
0.181879
0.115435
-0.105696
-0.147473
-0.170591
-0.010045
0.004187
0.196587
0.233578
-0.054910
-0.017986
0.175487
0.194058
0.200584
0.195645
-0.146865
-0.167046
-0.189380
-0.210193
-0.226526
-0.400686
-0.403857
-0.072651
0.098709
0.107832
0.116368
-0.370237
-0.368411
-0.370870
-0.212640
-0.220247
-0.063001
-0.066623
-0.064686
-0.055651
-0.367332
-0.343860
-0.151256
-0.284738
-0.090990
-0.065729
-0.047572
-0.038332
-0.038568
-0.047478
-0.062993
-0.082074
-0.101155
0.047478
0.038568
0.038332
0.047572
0.065730
0.090990
0.120590
0.315403
0.343860
0.203185
0.383947
0.392981
0.066623
0.063001
0.056099
0.212640
0.206722
0.204264
0.370237
0.376075
0.384611
-0.098709
-0.091497
0.075562
0.072391
0.390673
0.374341
0.189380
0.167046
0.146865
0.132650
-0.200584
-0.194058
-0.175487
-0.146162
-0.109238
0.094718
0.131708
-0.168335
0.010046
0.006443
-0.016675
0.105695
0.048713
-0.017731
-0.250395
-0.312869
-0.197372
-0.225823
-0.230022
-0.208890
0.163720
0.225996
0.462673
0.700343
0.929360
0.976787
1.000000
0.995158
0.961892
0.903399
0.826063
0.738664
-0.661916
-0.903399
-0.961893
-0.995158
-1.000000
-0.976787
-0.929360
-0.864490
-0.626820
-0.554291
-0.327867
-0.119406
-0.098273
0.225823
0.197371
0.148721
0.250395
0.181878
0.115434
-0.105696
-0.147473
-0.170591
-0.010045
0.004187
0.196588
0.233578
-0.054909
-0.017986
0.175487
0.194059
0.200584
0.195645
-0.146865
-0.167046
-0.189380
-0.210193
-0.226526
-0.400686
-0.403857
-0.072650
0.098709
0.107832
0.116368
-0.370237
-0.368411
-0.370870
-0.212640
-0.220247
-0.063001
-0.066623
-0.064686
-0.055651
-0.367332
-0.343860
-0.151255
-0.284738
-0.090990
-0.065729
-0.047572
-0.038332
-0.038568
-0.047478
-0.062993
-0.082074
0.062993
0.047478
0.038568
0.038332
0.047573
0.065729
0.090990
0.120590
0.315403
0.343860
0.203184
0.383947
0.392981
0.066623
0.063001
0.056099
0.212640
0.206722
0.204264
0.370237
0.376075
0.384611
-0.098709
-0.091497
0.075562
0.072391
0.390674
0.374341
0.189380
0.167046
0.146865
0.132650
-0.200584
-0.194059
-0.175487
-0.146162
-0.109238
0.094718
0.131709
-0.168335
0.010046
0.006443
-0.016674
0.105696
0.048712
-0.017732
-0.250395
-0.312869
-0.197372
-0.225823
-0.230022
-0.208889
0.163721
0.225995
0.462672
0.700343
0.929360
0.976787
1.000000
0.995158
0.961893
0.903399
0.826063
0.738664
