0.141323
0.231963
0.319494
0.402463
0.479534
0.549523
0.611431
0.664463
0.708053
0.741874
0.765845
0.780134
0.785145
0.781510
0.770069
0.751841
0.728000
0.699837
0.668723
0.575412
0.542645
0.511143
0.444657
0.419490
0.399139
0.384487
0.376218
0.374803
0.380493
0.393304
0.413026
0.439228
0.471273
0.508335
0.549426
0.593422
0.639102
0.745839
0.790989
0.833907
0.873329
0.908072
0.937070
0.996950
1.011852
1.018764
1.017326
1.007390
0.989027
0.962521
0.928362
0.887228
0.839972
0.787590
0.731198
0.611335
0.550585
0.489559
0.429517
0.371673
0.317155
0.266986
0.222048
0.183067
0.113040
0.087437
0.068876
0.057332
0.052592
0.054262
0.061785
0.074457
0.091454
0.111852
0.195327
0.219527
0.244083
0.267984
0.290274
0.310076
0.326616
0.339244
0.347453
0.350885
0.349345
0.342799
0.368926
0.352898
0.332689
0.308841
0.282004
0.252912
0.161693
0.130495
0.099487
0.069480
0.041240
0.015463
-0.007240
-0.026369
-0.041542
-0.052511
-0.059161
-0.061519
-0.059746
-0.054130
-0.045079
-0.070653
-0.056339
-0.040345
0.037290
0.054526
0.071315
0.086973
0.100866
0.112433
0.121200
0.126798
0.128971
0.127584
0.122631
0.114227
0.102609
0.088122
0.071214
0.052414
0.032314
0.011555
0.028348
-0.052414
-0.071215
-0.088122
-0.102608
-0.114227
-0.122631
-0.127584
-0.128971
-0.126797
-0.121200
-0.112432
-0.100865
-0.086973
-0.071315
-0.054526
-0.037290
-0.020317
-0.004324
0.070653
0.082632
0.091683
0.059746
0.061520
0.059161
0.052511
0.041542
0.026369
0.007240
-0.015464
-0.041240
-0.069481
-0.099487
-0.130495
-0.161693
-0.192250
-0.221342
-0.308841
-0.332688
-0.352898
-0.368926
-0.380352
-0.386898
-0.350885
-0.347453
-0.339244
-0.326616
-0.310076
-0.290274
-0.267984
-0.244083
-0.219527
-0.195327
-0.172515
-0.152116
-0.074457
-0.061785
-0.054262
-0.052592
-0.057332
-0.068876
-0.087438
-0.113040
-0.145514
-0.222049
-0.266987
-0.317156
-0.371674
-0.429518
-0.489558
-0.550585
-0.611336
-0.670536
-0.726929
-0.839973
-0.887229
-0.928362
-0.962521
-0.989027
-1.007390
-1.017326
-1.018764
-1.011852
-0.996950
-0.974622
-0.945625
-0.873328
-0.833906
-0.790989
-0.745839
-0.699764
-0.654084
-0.549425
-0.508335
-0.471273
-0.439228
-0.413026
-0.393304
-0.380493
-0.374803
-0.376218
-0.384487
-0.399140
-0.419489
-0.444657
-0.473589
-0.505092
-0.575412
-0.608061
-0.639174
-0.728000
-0.751841
-0.770069
-0.781510
-0.785145
-0.780133
-0.765845
-0.741873
-0.708053
-0.664463
-0.611431
-0.549523
-0.479533
-0.402462
-0.319495
-0.231963
-0.141322
-0.049107
