-0.175364
-0.102917
-0.032148
0.036128
0.101125
0.162096
0.218342
0.269218
0.314143
0.352604
0.384164
0.408466
0.425236
0.434289
0.435526
0.428937
0.414604
0.392693
0.363455
0.327225
0.284412
0.235497
0.861841
0.802420
0.738704
0.671392
0.542706
0.470418
0.396794
0.322613
0.248653
0.175679
-0.013160
-0.081955
-0.147621
-0.209520
-0.267069
-0.319737
-0.367057
-0.408628
-0.444116
-0.473264
-0.495885
-1.269804
-1.279112
-1.281780
-1.277917
-1.267695
-1.251356
-1.229198
-1.201576
-1.168892
-1.073087
-1.031656
-0.986607
-0.938474
-0.887808
-0.835169
-0.781116
-0.726205
-0.670979
-0.615964
-0.561657
-0.508531
0.411113
0.460606
0.507727
0.552165
0.593655
0.631981
0.666973
0.698513
0.726532
0.751003
0.771947
0.789427
0.803545
0.755929
0.763765
0.768740
0.771074
0.771005
0.768783
0.764671
0.758931
0.751830
0.139937
0.130884
0.121220
0.111170
0.100938
0.090710
0.080646
0.070883
0.061531
0.052677
-0.073217
-0.080927
-0.088041
-0.094573
-0.100560
-0.106060
-0.111146
-0.057401
-0.061939
-0.066362
-0.070786
0.605485
0.600706
0.595576
0.589986
0.583837
0.577039
0.569516
0.561205
0.552063
0.542060
0.531187
0.519449
0.506873
0.493502
0.479393
0.464622
0.449278
0.433458
0.417274
0.400843
0.384287
-0.400843
-0.417275
-0.433459
-0.449278
-0.464623
-0.479394
-0.493502
-0.506873
-0.519449
-0.531186
-0.542060
-0.552063
-0.561205
-0.569516
-0.577039
-0.583837
-0.589986
-0.595576
-0.600706
-0.605485
-0.610027
-0.614451
0.061938
0.057401
0.052639
0.047553
0.100560
0.094572
0.088040
0.080927
0.073218
0.064919
-0.061531
-0.070883
-0.080646
-0.090710
-0.100938
-0.111170
-0.121220
-0.130884
-0.139937
-0.148140
-0.155242
-0.764671
-0.768783
-0.771005
-0.771074
-0.768740
-0.763765
-0.755929
-0.745038
-0.730920
-0.771947
-0.751002
-0.726532
-0.698514
-0.666972
-0.631980
-0.593655
-0.552165
-0.507727
-0.460605
-0.411113
-0.359604
0.561657
0.615964
0.670980
0.726206
0.781117
0.835169
0.887808
0.938475
0.986608
1.031657
1.073088
1.110386
1.143068
1.229198
1.251356
1.267695
1.277916
1.281780
1.279112
1.269804
1.253821
1.231200
0.444116
0.408627
0.367057
0.319738
0.267069
0.209520
0.147620
0.081954
0.013160
-0.058083
-0.248653
-0.322613
-0.396794
-0.470418
-0.542706
-0.612885
-0.680198
-0.802420
-0.861841
-0.916311
-0.965226
-0.327226
-0.363456
-0.392693
-0.414604
-0.428937
-0.435526
-0.434289
-0.425236
-0.408466
-0.384164
-0.352604
-0.314143
-0.269218
-0.218342
-0.162095
-0.101124
-0.036127
0.032148
0.102917
0.175364
0.248657
