0.411789
0.410582
0.409376
0.408170
0.406963
0.405757
0.404550
0.403344
0.402138
0.400931
0.399725
0.398518
0.397312
0.396105
0.394899
0.393693
0.392486
0.391280
0.390073
0.388867
0.387661
0.386454
0.385248
0.384041
0.382835
0.381629
0.380422
0.379216
0.378009
0.016487
0.015281
0.014074
0.012868
0.011662
0.010455
0.009249
0.008042
0.006836
0.005630
0.004423
0.003217
0.002010
0.000804
-0.000403
-0.001609
-0.002815
-0.004022
-0.005228
-0.006435
-0.007641
-0.008847
-0.010054
-0.011260
-0.012467
-0.013673
-0.014879
-0.016086
0.394497
0.393291
0.392084
0.390878
0.389671
0.388465
0.387258
0.025737
0.024531
0.023324
0.022118
0.020912
0.019705
0.018499
0.017292
0.016086
0.014879
0.013673
0.012467
0.011260
0.010054
0.008847
0.007641
0.006435
0.005228
0.004022
0.002815
0.001609
0.000403
-0.000804
-0.002010
-0.003217
-0.004423
-0.005630
-0.006836
-0.008042
-0.009249
-0.010455
-0.011662
-0.012868
-0.014074
-0.015281
-0.016487
-0.017694
-0.018900
-0.020107
-0.021313
-0.022519
-0.023726
-0.024932
-0.026139
-0.027345
-0.028551
-0.029758
-0.030964
-0.032171
-0.033377
0.377206
0.375999
0.374793
0.373587
0.372380
0.371174
0.369967
0.368761
0.367555
0.366348
0.365142
0.363935
0.362729
0.361522
0.411789
0.410582
0.409376
0.408170
0.406963
0.405757
0.404550
0.403344
0.402138
0.400931
0.399725
0.398518
0.397312
0.396105
0.394899
0.033377
0.032171
0.030964
0.029758
0.028551
0.027345
0.026139
0.024932
0.023726
0.022519
0.021313
0.020106
0.018900
0.017694
0.016487
0.015281
0.014074
0.012868
0.011662
0.010455
0.009249
0.008042
0.006836
0.005630
0.004423
0.003217
0.002010
0.000804
-0.000403
-0.001609
-0.002815
-0.004022
-0.005228
-0.006435
-0.007641
-0.008847
-0.010054
-0.011260
-0.012467
-0.013673
-0.014879
-0.016086
-0.017292
-0.018499
-0.019705
-0.020912
-0.022118
-0.023324
-0.024531
-0.386052
-0.387258
-0.388465
-0.389671
-0.390878
-0.392084
-0.393291
-0.394497
-0.756019
-0.757225
-0.758432
-0.759638
-0.760845
-0.762051
-0.763257
-0.764464
-0.765670
-0.766877
-0.768083
-0.769289
-0.770496
-0.771702
-0.772909
-0.774115
-0.775322
-0.776528
-0.777734
-0.778941
-0.780147
-0.781354
-0.782560
-0.783767
-0.784973
-0.786179
-0.787386
-0.788592
-0.378009
-0.379216
-0.380422
-0.381629
-0.382835
-0.384041
-0.385248
-0.386454
-0.387661
-0.388867
-0.390073
-0.391280
-0.392486
-0.393693
-0.394899
-0.396105
-0.397312
-0.398518
-0.399725
-0.400931
-0.402138
-0.403344
-0.404550
-0.405757
-0.406963
-0.408170
-0.409376
-0.410582
