0.411789
0.407969
0.404148
0.400328
0.396508
0.392687
0.388867
0.385047
0.020911
0.017090
0.013270
0.009450
0.005630
0.001809
-0.002011
-0.005831
0.402138
0.398317
0.394497
0.390677
0.386856
0.383036
0.379216
0.015080
0.011259
0.007439
0.003619
-0.000201
-0.004022
-0.007842
-0.011662
0.396307
0.392486
0.388666
0.384846
0.381025
0.377205
0.373385
0.009249
0.005429
0.001608
-0.002212
-0.006032
-0.370168
-0.373988
-0.377808
0.030161
0.026340
0.022520
0.018700
0.014879
0.011059
0.007239
-0.356897
-0.360717
-0.364538
-0.368358
-0.372178
-0.375999
-0.379819
-0.383639
0.024330
0.020509
0.016689
0.373184
0.369364
0.365544
0.361723
-0.002412
-0.006233
-0.010053
-0.013873
-0.017694
-0.021514
-0.025334
-0.029155
0.378814
0.374994
0.371174
0.367353
0.363533
0.359713
0.355893
-0.008243
-0.012064
-0.015884
0.392084
0.388264
0.384443
0.380623
0.376803
0.784772
0.780951
0.777131
0.773311
0.769491
0.765670
0.761850
0.397714
0.393894
0.390073
0.386253
0.382433
0.378612
0.374792
0.370972
0.778941
0.775120
0.771300
0.767480
0.763660
0.759839
0.756019
0.391883
0.388063
0.384242
0.380422
0.376602
0.372781
0.368961
0.365141
0.773110
0.769289
0.765469
0.761649
0.757829
0.754008
0.750188
-0.746368
-0.750188
-0.754008
-0.757829
-0.761649
-0.765469
-0.769289
-0.773110
-0.365141
-0.368961
-0.372781
-0.376602
-0.380422
-0.384242
-0.388063
-0.391883
-0.756019
-0.759839
-0.763660
-0.767480
-0.771300
-0.775120
-0.778941
-0.370972
-0.374792
-0.378612
-0.382433
-0.386253
-0.390073
-0.393894
-0.397714
-0.761850
-0.765670
-0.769491
-0.773311
-0.777131
-0.780951
-0.784772
-0.376803
-0.380623
-0.384443
-0.388264
-0.392084
0.015884
0.012064
0.008243
-0.355893
-0.359713
-0.363533
-0.367353
-0.371174
-0.374994
-0.378814
0.029155
0.025334
0.021514
0.017694
0.013873
0.010053
0.006233
0.002412
-0.361723
-0.365544
-0.369364
-0.012869
-0.016689
-0.020509
-0.024330
0.383639
0.379819
0.375999
0.372178
0.368358
0.364538
0.360717
0.356897
-0.007239
-0.011059
-0.014879
-0.018700
-0.022520
-0.026340
-0.030161
0.377808
0.373988
0.370168
0.006032
0.002212
-0.001608
-0.005429
-0.009249
-0.373385
-0.377205
-0.381025
-0.384846
-0.388666
-0.392486
-0.396307
0.011662
0.007842
0.004022
0.000201
-0.003619
-0.007439
-0.011259
-0.015080
-0.379216
-0.383036
-0.386856
-0.390677
-0.394497
-0.398317
-0.402138
0.005831
0.002011
-0.001809
-0.005630
-0.009450
-0.013270
-0.017090
-0.020911
-0.385047
-0.388867
-0.392687
-0.396508
-0.400328
-0.404148
-0.407969
