-0.180924
-0.125368
-0.069813
-0.027758
-0.027758
-0.027758
-0.027758
0.027797
0.083353
0.194463
0.250019
0.361129
0.416685
0.361129
0.340591
0.340591
0.340591
0.340591
0.340591
0.285036
0.229481
0.118370
0.062814
-0.048296
-0.103852
-0.048296
0.007259
0.118370
0.173925
0.285036
0.340591
0.396147
0.451702
0.562813
0.618368
0.729479
0.785034
0.729479
0.673923
0.562813
0.507257
0.396147
0.340591
0.285036
0.229481
0.118370
0.062814
-0.048296
-0.103852
-0.159407
-0.214962
-0.284287
-0.284287
-0.284287
-0.284287
-0.228731
-0.173176
-0.062065
-0.006510
0.104601
0.160156
0.104601
0.084062
0.084062
0.084062
0.084062
0.084062
0.028507
-0.027048
-0.138159
-0.193714
-0.304825
-0.360380
-0.304825
-0.249270
-0.138159
-0.082604
0.028507
0.084062
0.139618
0.195173
0.306284
0.361839
0.472950
0.528505
0.472950
0.417394
0.306284
0.250728
0.139618
0.084062
0.139618
0.195173
0.306284
0.361839
0.472950
0.528505
0.472950
0.417394
0.324147
0.324147
0.324147
0.324147
0.379702
0.435258
0.546368
0.601924
0.605577
0.605577
0.550022
0.494466
0.383356
0.327800
0.216690
0.161134
0.216690
0.272245
0.383356
0.438911
0.550022
0.605577
0.550022
0.494466
0.383356
0.327800
0.216690
0.195883
0.251438
0.306993
0.418104
0.473659
0.477313
0.477313
0.421757
0.366202
0.255091
0.199536
0.088425
0.032870
0.088425
0.143981
0.255091
0.310647
0.421757
0.477313
0.421757
0.366202
0.255091
0.199536
0.088425
0.067618
0.012063
-0.043493
-0.154603
-0.210159
-0.321269
-0.376825
-0.321269
-0.265714
-0.154603
-0.099048
0.012063
0.067618
0.123173
0.178729
0.289840
0.345395
0.456506
0.512061
0.456506
0.400950
0.289840
0.234284
0.123173
0.067618
0.123173
0.178729
0.220784
0.220784
0.220784
0.220784
0.165228
0.109673
-0.001438
-0.056993
-0.168104
-0.223659
-0.168104
-0.112548
-0.001438
-0.640993
-0.585438
-0.529882
-0.418772
-0.363216
-0.252106
-0.196550
-0.140995
-0.085440
0.025671
0.081227
0.192337
0.247893
0.192337
0.136782
0.025671
-0.029884
-0.140995
-0.196550
-0.118773
-0.063217
-0.152105
-0.052105
-0.118771
-0.174327
-0.118771
-0.063216
0.047895
0.103450
0.214561
0.270116
0.214561
0.159006
0.047895
-0.063216
-0.118771
-0.229882
-0.180924
-0.180924
-0.180924
-0.180924
-0.180924
-0.180924
-0.125368
-0.069813
0.041298
0.096853
0.207964
0.263519
0.207964
0.152408
0.041298
-0.014258
-0.125368
-0.180924
-0.125368
-0.069813
0.041298
0.096853
0.207964
0.263519
0.207964
0.152408
0.041298
-0.014258
-0.125368
