-0.092432
-0.092432
-0.117026
-0.117026
-0.117026
-0.117026
-0.117026
-0.117026
-0.117026
-0.061471
-0.005916
0.049640
0.049640
0.105195
0.160750
0.216306
0.216306
0.271861
0.327416
0.327416
0.271861
0.216306
0.160750
0.160750
0.105195
0.049640
-0.005916
-0.005916
-0.061471
-0.117026
-0.117026
-0.172582
-0.228137
-0.283692
-0.283692
-0.332210
-0.332210
-0.332210
-0.332210
-0.332210
-0.332210
-0.332210
-0.276654
-0.221099
-0.165544
-0.165544
-0.109988
-0.054433
-0.050780
-0.050780
-0.050780
-0.050780
-0.050780
0.004776
0.060331
0.115886
0.559179
0.614734
0.670289
0.670289
0.725845
0.781400
0.785053
0.785053
0.785053
0.785053
0.785053
0.840609
0.842520
0.842520
0.842520
0.842520
0.842520
0.842520
0.842520
0.842520
0.842520
0.842520
0.842520
0.842520
0.842520
0.842520
0.842520
0.788707
0.733151
0.733151
0.677596
0.622041
0.622041
0.566485
0.510930
0.455374
0.455374
0.399819
0.344264
0.288708
0.288708
0.233153
0.177598
0.177598
0.233153
0.288708
0.344264
0.344264
0.399819
0.455374
0.510930
0.510930
0.566485
0.622041
0.622041
0.677596
0.733151
0.788707
0.788707
0.842520
0.842520
0.842520
0.842520
0.842520
0.842520
0.842520
0.842520
0.842520
0.842520
0.842520
0.842520
0.788707
0.733151
0.733151
0.677596
0.622041
0.622041
0.566485
0.510930
0.455374
0.455374
0.399819
0.344264
0.288708
0.288708
0.233153
0.177598
0.177598
0.122042
0.066487
0.052583
0.052583
0.052583
0.052583
0.052583
0.052583
0.052583
0.052583
0.052583
0.108139
0.163694
0.219249
0.219249
0.274805
0.330360
0.334013
0.334013
0.334013
0.334013
0.334013
0.278458
0.222903
0.167347
0.167347
0.111792
0.056237
0.000681
0.000681
-0.054874
-0.110429
-0.110429
-0.162600
-0.162600
-0.162600
-0.162600
-0.162600
-0.162600
-0.162600
-0.162600
-0.162600
-0.162600
-0.162600
-0.107045
-0.051489
0.004066
0.004066
0.059621
0.115177
0.118830
0.118830
0.118830
0.118830
0.118830
0.174385
0.229941
0.285496
0.285496
0.341051
0.396607
0.400260
0.400260
0.400260
0.400260
0.400260
0.455815
0.511371
0.566926
0.566926
0.622481
0.678037
0.681690
0.681690
0.681690
0.681690
0.681690
0.737245
0.792801
0.842520
0.842520
0.842520
0.842520
0.842520
0.842520
0.842520
0.842520
0.842520
0.842520
0.842520
0.796454
0.796454
0.740899
0.685343
0.629788
0.629788
0.574233
0.518677
0.518677
0.463122
0.407567
0.352011
0.352011
0.296456
0.240901
0.185345
0.185345
0.129790
0.074234
0.074234
0.018679
-0.036876
