0.617323
0.617323
0.617323
0.617323
0.617323
0.617323
0.842520
0.842520
0.842520
0.842520
0.842520
0.842520
0.842520
0.842520
0.842520
0.842520
0.842520
0.487642
0.076531
-0.334579
-0.334579
-0.744253
-0.744253
-0.744253
-0.744253
-0.744253
-0.744253
-0.744253
-0.333143
0.077968
0.402139
0.402139
0.402139
0.402139
0.402139
0.402139
0.402139
0.402139
0.402139
0.683569
0.683569
0.683569
0.683569
0.683569
0.683569
0.683569
0.683569
0.683569
0.683569
0.683569
0.842520
0.842520
0.842520
0.842520
0.842520
0.842520
0.842520
0.842520
0.842520
0.842520
0.842520
0.553889
0.142778
-0.268333
-0.268333
-0.678007
-0.678007
-0.678007
-0.678007
-0.678007
-0.678007
-0.678007
-0.396577
-0.396577
-0.396577
-0.396577
-0.396577
-0.396577
-0.396577
-0.396577
-0.396577
-0.396577
-0.396577
-0.115147
-0.115147
-0.115147
-0.115147
-0.115147
-0.115147
-0.115147
-0.115147
-0.115147
-0.115147
-0.115147
0.166283
0.166283
0.166283
0.166283
0.166283
0.166283
0.166283
0.166283
0.166283
0.166283
0.166283
0.447713
0.447713
0.447713
0.447713
0.447713
0.447713
0.842520
0.842520
0.842520
0.842520
0.842520
0.842520
0.842520
0.842520
0.591005
0.224073
0.224073
0.224073
0.224073
0.224073
0.224073
0.224073
0.224073
0.224073
0.224073
0.505503
0.505503
0.505503
0.505503
0.505503
0.505503
0.505503
0.505503
0.505503
0.505503
0.505503
0.786933
0.786933
0.786933
0.786933
0.786933
0.786933
0.786933
0.786933
0.786933
0.786933
0.786933
0.842520
0.842520
0.842520
0.842520
0.842520
0.842520
0.842520
0.842520
0.842520
0.842520
0.842520
0.657252
0.246141
-0.164970
-0.164970
-0.574644
-0.574644
-0.574644
-0.574644
-0.574644
-0.574644
-0.574644
-0.293214
-0.293214
-0.293214
-0.293214
-0.293214
-0.293214
-0.293214
-0.293214
-0.293214
-0.293214
-0.293214
-0.011784
-0.011784
-0.011784
-0.011784
-0.011784
-0.011784
-0.011784
-0.011784
-0.011784
-0.011784
-0.011784
0.399327
0.810438
0.842520
0.842520
0.842520
0.842520
0.842520
0.842520
0.842520
0.842520
0.842520
0.723498
0.551076
0.551076
0.551076
0.551076
0.551076
0.551076
0.551076
0.551076
0.551076
0.551076
0.832506
0.832506
0.832506
0.832506
0.832506
0.832506
0.832506
0.832506
0.832506
0.832506
0.832506
0.421396
0.054463
0.054463
0.054463
0.054463
0.054463
0.054463
0.054463
0.054463
0.054463
0.054463
0.335893
0.335893
0.335893
0.335893
0.335893
0.335893
0.335893
0.335893
0.335893
0.335893
0.335893
0.617323
0.617323
0.617323
0.617323
0.617323
