0.642790
0.842520
0.842520
0.842520
0.842520
0.842520
0.842520
0.122119
-0.077881
-0.144548
-0.322326
-0.400104
-0.044549
0.274001
-0.014888
-0.137111
-0.137111
-0.244703
-0.244703
-0.244703
-0.244703
-0.244703
-0.244703
-0.455814
-0.878035
-1.000000
-1.000000
-1.000000
-1.000000
-1.000000
-1.000000
-0.913737
-0.847071
-0.869293
-0.935960
-0.769293
-0.435961
-0.117411
0.282588
0.460366
0.593700
0.538145
0.182590
-0.445521
-0.756632
-0.801077
-0.823299
-0.323299
0.254478
0.573027
0.328583
0.461916
0.639694
0.420991
0.265436
0.265436
0.176546
0.176546
-0.023454
-0.345675
-0.679008
-0.796008
-0.973785
-1.000000
-1.000000
-1.000000
-0.903600
-0.725822
-0.636933
-0.592488
-0.570266
-0.359156
0.418622
0.803838
0.603838
0.426060
0.381615
0.148283
-0.407272
-0.768717
-0.879827
-0.702050
-0.657605
-0.765197
-0.520753
-0.498531
-0.654086
-0.809641
-0.631864
-0.287420
0.134801
0.297795
0.320018
0.408907
0.408907
0.242240
0.031130
-0.179981
-0.519203
-0.519203
-0.519203
-0.626795
-0.626795
-0.626795
0.000000
0.000000
0.000000
0.000000
0.000000
0.000000
0.000000
0.447713
0.447713
0.447713
0.447713
0.447713
0.447713
0.283272
0.283272
0.283272
0.283272
0.283272
0.283272
0.175680
0.175680
0.175680
0.175680
0.175680
0.175680
0.386790
0.809012
0.842520
0.842520
0.842520
0.842520
0.842520
0.842520
0.842520
0.842520
0.842520
0.842520
0.808859
0.386638
0.047415
0.047415
0.047415
0.047415
0.258526
0.680747
0.842520
0.842520
0.842520
0.842520
0.842520
0.842520
0.842520
0.580595
0.269483
0.047261
-0.297183
-0.919405
-1.000000
-1.000000
-1.000000
-1.000000
-1.000000
-0.658629
-0.284523
-0.284523
-0.195634
-0.195634
-0.303226
-0.369893
-0.369893
-0.147670
0.007885
0.207885
0.085664
-0.558780
-1.000000
-1.000000
-1.000000
-1.000000
-1.000000
-0.709115
-0.390565
-0.190565
-0.057232
-0.012787
-0.009268
0.057399
0.057399
0.057399
0.057399
0.124066
0.001844
-0.420378
-0.737378
-0.648489
-0.648489
-0.648489
-0.711636
-0.578303
-0.489414
-0.378303
-0.311636
-0.156080
0.232807
0.842520
0.842520
0.842520
0.842520
0.842520
0.842520
0.651358
0.245469
0.045469
0.045469
0.045469
-0.084345
0.093432
0.137877
-0.017678
-0.239901
-0.262123
-0.051012
0.704542
0.842520
0.842520
0.842520
0.842520
0.634203
0.123093
-0.482795
-0.638351
-0.749463
-0.749463
-0.857054
-0.657054
-0.657054
-0.834832
-0.901499
-0.901499
-0.490388
-0.068166
0.250383
0.428161
0.472605
0.472605
0.076125
0.009458
0.009458
0.009458
0.009458
0.009458
0.220569
