0.251797
0.251797
0.251797
0.251797
0.143044
0.143044
0.143044
0.143044
-0.049124
-0.115791
-0.226901
-0.360235
-0.426901
-0.471346
-0.260236
-0.049125
0.005273
0.005273
0.005273
-0.164672
-0.164672
-0.164672
-0.164672
-0.164672
-0.164672
-0.164672
-0.375783
-0.377104
-0.377104
-0.377104
-0.377104
-0.377104
-0.504563
-0.504563
-0.504563
-0.504563
-0.504563
-0.504563
-0.293453
-0.082342
-0.027944
0.016500
0.083168
0.105390
-0.020112
-0.020112
-0.020112
-0.020112
-0.020112
-0.020112
-0.231222
-0.231222
-0.275030
-0.275030
-0.275030
-0.275030
-0.063919
0.147192
0.244076
0.244076
0.244076
0.244076
0.074131
0.074131
0.074131
0.074131
0.074131
0.074131
-0.095815
-0.095815
-0.095815
-0.095815
-0.095815
-0.095815
-0.265760
-0.265760
-0.265760
-0.265760
-0.265760
-0.265760
-0.054650
0.156461
0.210859
0.210859
0.210859
0.210859
0.040914
0.040914
0.040914
0.040914
0.040914
0.040914
-0.129032
-0.129032
-0.129032
-0.129032
-0.129032
-0.129032
-0.298977
-0.298977
-0.298977
-0.298977
-0.298977
-0.298977
-0.087867
0.123244
0.177642
0.177642
0.177642
0.177642
0.007697
0.007697
0.007697
0.007697
0.007697
0.007697
-0.119762
-0.119762
-0.119762
-0.119762
-0.119762
-0.119762
-0.289708
-0.289708
-0.289708
-0.289708
-0.289708
-0.289708
-0.078597
0.132513
0.186912
0.186912
0.186912
0.186912
0.016966
0.016966
0.016966
0.016966
0.016966
0.016966
-0.152979
-0.152979
-0.152979
-0.152979
-0.152979
-0.152979
-0.322925
-0.322925
-0.322925
-0.322925
-0.322925
-0.322925
-0.111814
0.099296
0.196181
0.196181
0.196181
0.196181
0.026235
0.026235
0.026235
0.026235
0.026235
0.026235
-0.143710
-0.143710
-0.143710
-0.143710
-0.143710
-0.143710
-0.313655
-0.313655
-0.313655
-0.313655
-0.313655
-0.313655
-0.102545
0.108566
0.162964
0.162964
0.162964
0.162964
-0.006981
-0.006981
-0.006981
-0.006981
-0.006981
-0.006981
-0.176927
-0.176927
-0.176927
-0.176927
-0.176927
-0.176927
0.034184
0.245294
0.299693
0.299693
0.299693
0.299693
0.129747
0.129747
0.129747
0.129747
0.129747
0.129747
-0.040199
-0.040199
-0.040199
-0.040199
-0.040199
-0.040199
-0.167658
-0.167658
-0.167658
-0.167658
-0.167658
-0.167658
-0.337603
-0.337603
-0.337603
-0.337603
-0.337603
-0.337603
-0.126493
0.084618
0.139016
0.139016
0.139016
0.139016
-0.030929
-0.030929
-0.030929
-0.030929
-0.030929
-0.030929
-0.200875
-0.200875
-0.200875
-0.200875
-0.200875
-0.200875
0.010236
0.221347
0.275745
0.275745
0.275745
0.275745
0.064634
-0.146476
-0.182336
-0.182336
-0.182336
-0.182336
0.028775
0.239886
