0.237080
0.237080
0.237080
0.185262
0.185262
0.185262
0.185262
0.185262
0.185262
0.185262
0.185262
0.185262
0.185262
0.185262
0.133444
0.133444
0.133444
0.133444
0.133444
0.133444
0.133444
0.133444
0.133444
0.133444
0.133444
0.344555
0.386123
0.386123
0.386123
0.386123
0.386123
0.386123
0.386123
0.386123
0.386123
0.386123
0.334306
0.334306
0.334306
0.334306
0.334306
0.334306
0.334306
0.334306
0.334306
0.334306
0.334306
0.282488
0.282488
0.282488
0.282488
0.282488
0.282488
0.282488
0.282488
0.282488
0.282488
0.282488
0.230670
0.230670
0.230670
0.230670
0.230670
0.230670
0.230670
0.230670
0.230670
0.230670
0.230670
0.178852
0.178852
0.178852
0.178852
0.178852
0.178852
0.178852
0.178852
0.178852
0.178852
0.178852
-0.032258
-0.243369
-0.454480
-0.454480
-0.660116
-0.660116
-0.660116
-0.660116
-0.660116
-0.660116
-0.660116
-0.449005
-0.237894
-0.026784
-0.026784
0.184327
0.379714
0.379714
0.379714
0.379714
0.379714
0.379714
0.327896
0.327896
0.327896
0.327896
0.327896
0.327896
0.327896
0.327896
0.327896
0.327896
0.327896
0.276078
0.276078
0.276078
0.276078
0.276078
0.276078
0.276078
0.276078
0.276078
0.276078
0.276078
0.064967
0.064967
0.046103
0.046103
0.046103
0.046103
0.046103
0.046103
0.046103
0.046103
0.046103
-0.165007
-0.310211
-0.310211
-0.310211
-0.310211
-0.310211
-0.310211
-0.310211
-0.310211
-0.310211
-0.310211
-0.099100
-0.057532
-0.057532
-0.057532
-0.057532
-0.057532
-0.057532
-0.057532
-0.057532
-0.057532
-0.057532
-0.109350
-0.109350
-0.109350
-0.610809
-0.610809
-0.610809
-0.610809
-0.610809
-0.588587
-0.588587
-0.588587
-0.588587
-0.588587
-0.588587
-0.377477
-0.166366
-0.031412
-0.031412
-0.031412
-0.031412
-0.031412
-0.031412
-0.031412
-0.009190
-0.009190
-0.061007
-0.061007
-0.061007
-0.061007
-0.061007
-0.061007
-0.061007
-0.061007
-0.061007
-0.061007
-0.061007
0.150103
0.191672
0.191672
0.191672
0.191672
0.191672
0.191672
0.191672
0.191672
0.191672
0.191672
-0.019439
-0.230550
-0.441660
-0.441660
-0.647296
-0.647296
-0.647296
-0.647296
-0.647296
-0.647296
-0.647296
-0.436186
-0.225075
-0.013964
-0.013964
0.197146
0.392533
0.392533
0.392533
0.392533
0.392533
0.392533
0.340715
0.340715
0.340715
0.340715
0.340715
0.340715
0.340715
0.340715
0.340715
0.340715
0.340715
0.288898
0.288898
0.288898
0.288898
0.288898
0.288898
0.288898
0.288898
0.288898
0.288898
0.288898
0.237080
0.237080
0.237080
0.237080
0.237080
0.237080
0.237080
0.237080
