-0.395223
-0.395223
-0.395223
-0.395223
-0.395223
-0.395223
-0.395223
-0.395223
-0.050778
0.288292
0.288292
0.288292
0.288292
0.288292
0.288292
0.288292
-0.056152
-0.119840
-0.119840
-0.119840
-0.119840
-0.119840
-0.119840
-0.119840
-0.349814
-0.349814
-0.349814
-0.349814
-0.349814
-0.349814
-0.349814
0.235934
0.005959
0.005959
0.005959
0.005959
0.005959
0.005959
0.005959
0.005959
-0.224016
-0.224016
-0.224016
-0.224016
-0.224016
-0.224016
-0.224016
-0.224016
-0.149494
-0.149494
-0.149494
-0.149494
-0.149494
-0.149494
-0.149494
-0.149494
-0.379469
-0.379469
-0.379469
-0.379469
-0.379469
-0.266667
-0.155555
-0.066667
-0.022222
0.066667
0.133333
0.311111
0.444445
0.577778
0.577778
0.733333
0.777778
0.777778
0.777778
0.711111
0.111111
-0.022222
-0.488889
-0.534922
-0.334061
-0.334061
-0.334061
-0.334061
-0.334061
-0.334061
-0.334061
-0.334061
0.010383
0.223115
0.333333
0.444445
0.577778
0.622222
0.622222
0.377778
0.297637
0.297637
0.297637
0.297637
0.297637
0.297637
0.297637
0.297637
0.067662
0.067662
0.067662
0.067662
0.067662
0.067662
0.067662
0.067662
-0.044444
-0.044444
0.133333
0.200000
0.088889
-0.200000
-0.288889
-0.288889
-0.377778
-0.377778
-0.377778
-0.244444
-0.222222
-0.222222
-0.200000
-0.133333
-0.133333
-0.133333
-0.133333
0.088889
0.111111
0.111111
0.111111
0.111111
0.111111
0.192965
0.365749
0.365749
0.365749
0.365749
0.365749
0.365749
0.333333
0.333333
0.333333
0.444445
0.511111
0.622222
0.644445
0.644445
0.644445
0.777778
0.777778
0.777778
0.777778
0.777778
0.933333
0.955556
0.955556
0.955556
1.000000
1.000000
1.000000
1.000000
1.000000
1.000000
1.000000
0.911111
0.911111
0.800000
0.755556
0.755556
0.622222
0.577778
0.555556
0.444445
0.422222
0.333333
0.311111
0.311111
0.200000
0.088889
0.044445
0.000000
-0.111111
-0.111111
-0.111111
-0.177778
-0.200000
-0.200000
-0.200000
-0.244444
-0.244444
-0.244444
-0.244444
-0.244444
-0.244444
-0.244444
-0.244444
-0.244444
-0.244444
-0.244444
-0.244444
-0.244444
-0.244444
-0.244444
-0.244444
-0.244444
-0.244444
-0.244444
-0.244444
-0.244444
-0.244444
-0.244444
-0.244444
-0.311111
-0.377778
-0.400000
-0.244444
-0.244444
-0.244444
-0.244444
-0.067073
-0.032499
-0.032499
-0.032499
-0.032499
-0.032499
-0.032499
-0.032499
0.168363
0.168363
0.168363
0.168363
0.168363
0.168363
0.168363
0.168363
0.242884
0.242884
0.242884
0.242884
0.242884
0.242884
0.242884
0.242884
-0.101560
-0.165248
-0.165248
-0.165248
-0.165248
-0.165248
-0.165248
-0.165248
