0.856014
1.340288
1.787346
2.180518
2.505373
2.750302
2.907000
2.970786
2.940787
2.819944
2.614863
2.335516
1.994795
1.607942
1.191899
0.514573
-0.155920
-0.552016
-0.907434
-1.335113
-1.568677
-1.726565
-1.881435
-1.874844
-1.786431
-1.621027
-1.386573
-1.093724
-0.755329
-0.135856
0.249284
0.634403
1.254230
1.594549
1.892797
2.138557
2.323970
2.571284
2.623862
2.609904
2.533174
2.400048
2.219144
1.829072
1.585134
1.327921
1.069956
0.823318
0.349098
0.156933
0.004594
-0.102302
-0.160491
-0.169136
-0.129789
-0.173526
-0.051564
0.351378
0.526624
0.714701
0.905828
1.090396
1.259421
1.404971
1.692320
1.773007
1.815855
1.819847
1.785918
1.716859
1.617130
1.492586
1.100155
0.947455
0.919688
0.770101
0.633287
0.515709
0.422671
0.358083
0.074293
0.072008
0.100293
0.156658
0.237215
0.336910
0.777992
0.897563
1.017080
1.129929
1.229941
1.311707
1.243547
1.276836
1.282449
1.259956
1.460320
1.385823
1.289919
1.177019
0.802258
0.671195
0.539536
0.412815
0.296129
0.193875
0.109537
-0.032655
-0.075060
-0.095820
0.031232
0.049339
-0.167345
-0.122673
0.178992
0.233045
0.284898
0.330238
0.365265
0.386899
0.392948
0.382205
0.354524
0.310791
0.252877
0.183508
0.106099
0.024544
0.021183
-0.183509
-0.252878
-0.310791
-0.354524
-0.382204
-0.392947
-0.386899
-0.365265
-0.330237
-0.284898
-0.233044
-0.178990
-0.127325
-0.082655
0.200662
-0.031233
-0.031463
-0.052223
0.032655
-0.031344
-0.115682
-0.296129
-0.412815
-0.539536
-0.671197
-0.802258
-0.927020
-1.039920
-1.385823
-1.460320
-1.509956
-1.282450
-1.276836
-1.243547
-1.184425
-1.102658
-1.129927
-1.017078
-0.897561
-0.777989
-0.665104
-0.565408
-0.156657
-0.100293
-0.072007
-0.074294
-0.108084
-0.422671
-0.515710
-0.633288
-0.770103
-0.919690
-1.074740
-1.227440
-1.242587
-1.367132
-1.716860
-1.785920
-1.819850
-1.815857
-1.773007
-1.692321
-1.576777
-1.259421
-1.090395
-0.905827
-0.714701
-0.526623
-0.351380
-0.198436
-0.076475
0.257069
0.296416
0.160488
0.102299
-0.004596
-0.156935
-0.349100
-0.573318
-1.069958
-1.327923
-1.585138
-1.829072
-2.047338
-2.228242
-2.533174
-2.609902
-2.623862
-2.571283
-2.451252
-2.265837
-1.892793
-1.594546
-1.254225
-0.884398
-0.249284
0.135857
0.505332
0.843727
1.386577
1.621030
1.786433
1.874845
1.881436
1.804760
1.646870
1.335112
1.034711
0.679293
0.155921
-0.264574
-0.941902
-1.357946
-1.994800
-2.335520
-2.614866
-2.819943
-2.940788
-2.970788
-2.907000
-2.750300
-2.505368
-2.180512
-1.787347
-1.340288
-0.856013
-0.352736
