0.549297
0.543540
0.537782
0.532025
0.526267
0.520509
0.514752
0.508994
0.503237
0.497479
0.491722
0.485964
0.480206
0.474449
0.468692
0.462934
0.457176
0.451419
0.445661
0.439904
0.434146
0.428389
0.422631
0.416874
0.411116
0.405358
0.399601
0.393844
0.388086
0.382328
0.376571
0.370813
0.365056
0.359298
0.353541
0.347783
0.342025
0.336268
0.330510
0.324753
0.318995
0.313238
0.307480
0.301723
0.295965
0.290207
0.284450
0.278693
0.272935
0.267177
0.261420
0.255662
0.414106
0.408348
0.402591
0.396833
0.391076
0.385318
0.379561
0.373803
0.368045
0.362288
0.356531
0.350773
0.345015
0.339258
0.333500
0.327743
0.321985
0.316228
0.310470
0.304713
0.298955
0.293197
0.287440
0.281682
0.275925
0.270167
0.264410
0.258652
0.252895
0.247137
0.241380
0.235622
0.229864
0.224107
0.218349
0.212592
0.206834
0.201077
0.195319
0.189562
0.183804
0.178046
0.172289
0.166532
0.160774
0.155016
0.149259
0.143501
0.137744
0.131986
0.126228
-0.127380
-0.133138
-0.138895
-0.144653
-0.150410
-0.156168
-0.161925
-0.167683
-0.173440
-0.179198
-0.184955
-0.190713
-0.196470
-0.202228
-0.207986
-0.213743
-0.219500
-0.225258
-0.231016
-0.236774
-0.242531
-0.248288
-0.254046
-0.259804
-0.265561
-0.271319
-0.277076
-0.282834
-0.288591
-0.294349
-0.300107
-0.305864
-0.311622
-0.317379
-0.323137
-0.328894
-0.334652
-0.340409
-0.346167
-0.351925
-0.357682
-0.363439
-0.369197
-0.374955
-0.380712
-0.386470
-0.392227
-0.397985
-0.403742
-0.409500
-0.415258
-0.256814
-0.262571
-0.268329
-0.274087
-0.279844
-0.285601
-0.291359
-0.297117
-0.302874
-0.308632
-0.314389
-0.320147
-0.325904
-0.331662
-0.337419
-0.343177
-0.348935
0.318530
0.312773
0.307015
0.301258
0.295500
0.289743
0.283985
0.278228
0.272470
0.266713
0.260955
0.255198
0.249440
0.243682
0.237925
0.232168
0.226410
0.220652
0.214894
0.209137
0.203380
0.197622
0.191864
0.186107
0.180349
0.174592
0.168834
0.163077
0.157319
0.151562
0.145804
0.140047
0.134289
0.128531
-0.125077
-0.130834
-0.136592
-0.142350
-0.148107
-0.153865
-0.159622
-0.165380
-0.171138
-0.176895
-0.182652
-0.188410
-0.194168
-0.199925
-0.205683
-0.211440
-0.217198
-0.222955
-0.228713
-0.234470
-0.240228
-0.245985
-0.251743
-0.257501
-0.263258
-0.269015
-0.274773
-0.280531
-0.286289
-0.292046
-0.297803
-0.303561
-0.309319
-0.315076
-0.320834
-0.326591
-0.332349
-0.338106
-0.343864
-0.349621
-0.355379
-0.361136
-0.366894
-0.372651
-0.378409
-0.384166
-0.389924
-0.395682
-0.401439
-0.407197
-0.412954
