0.343362
0.393026
0.389482
0.322826
0.199021
0.039178
-0.124578
-0.761377
-0.880165
-0.858649
-0.743969
-0.548471
0.204625
0.464124
1.197322
1.353912
1.465404
1.416259
1.268824
1.049502
0.796319
0.045789
-0.153021
-0.331934
-0.879807
-0.844733
-0.753272
-0.130245
-0.019423
0.057191
0.083065
0.108972
0.041192
-0.044094
-0.623960
-0.154985
-0.135542
-0.054976
0.023755
0.182922
0.336956
0.956523
1.000771
-0.022211
-0.155481
-0.363510
-0.563795
-1.329135
-2.060634
-2.218316
-2.285824
-2.257678
-2.145456
-2.027933
-1.328146
-1.146120
-1.006506
-0.927999
-0.914682
-0.450601
-0.525308
-1.058739
-1.119695
-1.142250
-1.119694
-1.058738
-0.977926
-0.903219
-0.409119
-0.422436
-1.006507
-1.146121
-1.328146
-1.522370
-1.692837
-2.310622
-2.285824
-2.218315
-2.060633
-1.834697
-1.574920
-0.816128
-0.102536
-0.022211
0.021295
-0.022953
0.842519
0.688484
0.023756
-0.107921
-0.188487
-0.154985
-0.118396
-0.044093
-0.464370
0.108972
0.136010
0.110135
-0.019423
-0.130246
-0.247711
-0.339171
-0.879807
-0.837496
-0.711528
-0.007156
0.290757
0.543940
1.268824
1.416259
1.465404
1.406855
1.250266
0.969685
0.710186
-0.042908
-0.238407
-0.858650
-0.880164
-0.814322
-0.683086
-0.466385
0.199020
0.322826
0.389482
0.393026
0.343362
0.263429
-0.343362
-0.393026
-0.389481
-0.322826
-0.199019
-0.039177
0.124579
0.761378
0.880165
0.858650
0.743969
0.548471
-0.204627
-0.464126
-1.197324
-1.353911
-1.465404
-1.416258
-1.268822
-1.049503
-0.796320
-0.045789
0.153022
0.331934
0.879808
0.844734
0.753273
0.130245
0.019422
-0.057191
-0.083065
-0.108971
-0.041193
0.044093
0.623959
0.154986
0.135542
0.054975
-0.023755
-0.182925
-0.336956
-0.956522
-1.000770
0.022211
0.155482
0.363512
0.563797
1.329138
2.060632
2.218315
2.285824
2.257677
2.145455
2.027932
1.328143
1.146121
1.006506
0.927999
0.914682
0.450602
0.525309
1.058740
1.119695
1.142250
1.119694
1.058738
0.977926
0.903219
0.409118
0.422436
1.006506
1.146122
1.328148
1.522374
1.692840
2.310624
2.285824
2.218316
2.060632
1.834697
1.574918
0.816126
0.102534
0.022211
-0.021295
0.022953
-0.842518
-0.688484
-0.023754
0.107920
0.188487
0.154985
0.118396
0.044093
0.464370
-0.108972
-0.136010
-0.110135
0.019424
0.130247
0.247710
0.339171
0.879807
0.837497
0.711529
0.007154
-0.290759
-0.543942
-1.268827
-1.416261
-1.465404
-1.406856
-1.250267
-0.969686
-0.710187
0.042910
0.238408
0.858649
0.880164
0.814321
0.683085
0.466385
-0.199022
-0.322827
-0.389482
-0.393027
-0.343363
-0.263429
