0.091922
0.092843
0.093765
0.094686
0.095608
0.096529
0.097451
0.098372
-0.077978
-0.077056
0.060273
-0.246782
-0.245860
-0.019091
-0.018169
-0.017248
0.412136
0.413058
0.413979
0.278493
0.279415
0.280336
0.105223
0.106145
-0.070206
-0.069284
-0.315867
-0.314946
-0.177617
-0.176695
-0.175774
-0.174852
-0.252922
-0.252001
-0.251079
-0.250158
-0.249236
-0.384722
-0.383801
-0.157031
-0.333381
-0.332460
-0.331538
0.507782
0.508704
0.509625
0.646954
0.647876
1.077260
1.078181
1.079103
1.080024
0.833441
0.834363
0.527308
0.391822
0.215472
0.216393
0.217315
0.218236
0.219158
0.220079
0.221001
0.221922
-0.452052
-0.314723
-0.313801
-0.312880
-0.311958
-0.311037
-0.310115
-0.309194
-0.485544
-0.484622
-0.620108
-0.927163
-0.926242
-1.172825
-1.171903
-1.170982
-0.741598
-0.740676
-0.739755
-0.602426
-0.601504
-0.600583
0.238738
0.239659
0.063309
0.064231
0.291000
0.291922
0.156435
0.157357
0.158278
0.159200
0.081130
0.082051
0.082973
0.083894
0.084816
0.222145
0.223067
-0.023517
-0.199867
-0.198945
-0.198024
-0.373137
-0.372215
-0.371294
-0.506780
-0.505858
-0.076474
-0.075553
-0.074631
-0.073710
0.153060
0.153981
-0.153073
-0.015744
-0.192094
-0.191173
-0.190251
-0.189330
-0.188408
-0.187487
-0.186565
-0.185644
0.321130
0.185644
0.186565
0.187487
0.188408
0.189330
0.190251
0.191173
0.014823
0.015744
0.153073
-0.153981
-0.153060
0.073710
0.074631
0.075553
0.504937
0.505858
0.506780
0.371294
0.372215
0.373137
0.198024
0.198945
0.022595
0.023517
-0.223067
-0.222145
-0.084816
-0.083894
-0.082973
-0.082051
-0.160121
-0.159200
-0.158278
-0.157357
-0.156435
-0.291922
-0.291000
-0.064231
-0.240581
-0.239659
-0.238738
0.600583
0.601504
0.602426
0.739755
0.740676
1.170060
1.170982
1.171903
1.172825
0.926242
0.927163
0.620108
0.484622
0.308272
0.309194
0.310115
0.311037
0.311958
0.312880
0.313801
0.314723
-0.222844
-0.221922
-0.221001
-0.220079
-0.219158
-0.218236
-0.217315
-0.216393
-0.392743
-0.391822
-0.527308
-0.834363
-0.833441
-1.080024
-1.079103
-1.078181
-0.648797
-0.647876
-0.646954
-0.509625
-0.508704
-0.507782
0.331538
0.332460
0.156110
0.157031
0.383801
0.384722
0.249236
0.250158
0.251079
0.252001
0.173931
0.174852
0.175774
0.176695
0.177617
0.314946
0.315867
0.069284
-0.107066
-0.106145
-0.105223
-0.280336
-0.279415
-0.278493
-0.413979
-0.413058
0.016326
0.017248
0.018169
0.019091
0.245860
0.246782
-0.060273
0.077056
-0.099294
-0.098372
-0.097451
-0.096529
-0.095608
-0.094686
-0.093765
-0.092843
