0.240029
0.247519
0.254565
0.260975
0.266587
0.271279
0.274974
0.277644
0.279309
0.280033
0.279920
0.279109
0.277758
0.250473
0.248566
0.246633
0.244820
0.243244
0.241987
0.241091
0.240556
0.240340
0.240364
0.240517
0.240662
0.240648
0.265892
0.265105
0.263726
0.261653
0.258817
0.255190
0.163854
0.158746
0.153038
0.146877
0.140444
0.133944
0.127594
0.096045
0.090648
0.086024
0.082333
0.079696
0.078190
0.077842
0.078630
0.080485
0.083292
0.086901
0.091136
0.095800
0.126263
0.131190
0.135970
0.140450
0.144510
0.148068
0.151089
0.153576
0.155578
0.157179
0.158491
0.159649
0.222167
0.223453
0.225011
0.226953
0.229363
0.232289
0.235736
0.239668
0.244003
0.248621
0.253369
0.258067
0.262520
0.292096
0.295461
0.298008
0.299586
0.300083
0.299428
0.297599
0.294625
0.290581
0.285589
0.279810
0.273434
0.266674
0.234179
0.227308
0.220696
0.214524
0.208939
0.204051
0.112986
0.109636
0.107038
0.105123
0.103790
0.102906
0.102325
0.127461
0.127026
0.126453
0.125632
0.124483
0.122965
0.121079
0.118866
0.116409
0.113826
0.111262
0.108883
0.106865
0.079810
0.079020
0.079062
0.080042
0.082023
0.085027
0.089024
0.093939
0.099651
0.105999
0.112788
0.119805
-0.112788
-0.105999
-0.099651
-0.093939
-0.089024
-0.085027
-0.082023
-0.080042
-0.079062
-0.079020
-0.079810
-0.081295
-0.083313
-0.111262
-0.113826
-0.116409
-0.118866
-0.121079
-0.122965
-0.124483
-0.125632
-0.126453
-0.127026
-0.127461
-0.127894
-0.128475
-0.103790
-0.105123
-0.107038
-0.109636
-0.112986
-0.117114
-0.208939
-0.214524
-0.220696
-0.227308
-0.234179
-0.241104
-0.247865
-0.279810
-0.285589
-0.290581
-0.294625
-0.297599
-0.299428
-0.300083
-0.299586
-0.298008
-0.295461
-0.292096
-0.288090
-0.283637
-0.253369
-0.248621
-0.244003
-0.239668
-0.235736
-0.232289
-0.229363
-0.226952
-0.225011
-0.223453
-0.222167
-0.221017
-0.158491
-0.157179
-0.155578
-0.153576
-0.151089
-0.148068
-0.144510
-0.140450
-0.135970
-0.131189
-0.126263
-0.121369
-0.116705
-0.086901
-0.083292
-0.080485
-0.078630
-0.077842
-0.078190
-0.079696
-0.082333
-0.086024
-0.090648
-0.096045
-0.102024
-0.108374
-0.140444
-0.146877
-0.153038
-0.158746
-0.163854
-0.168253
-0.258817
-0.261653
-0.263726
-0.265105
-0.265891
-0.266218
-0.266231
-0.240517
-0.240364
-0.240340
-0.240556
-0.241091
-0.241987
-0.243244
-0.244820
-0.246633
-0.248566
-0.250473
-0.252189
-0.253539
-0.279920
-0.280033
-0.279309
-0.277644
-0.274974
-0.271279
-0.266587
-0.260975
-0.254565
-0.247519
-0.240029
-0.232311
