0.159346
0.202285
0.242531
0.278878
0.310280
0.335898
0.355131
0.367646
0.373391
0.372595
0.365763
0.353656
0.337261
0.317749
0.296430
0.274698
0.253971
0.235639
0.220997
0.211196
0.207189
0.209692
0.525897
0.542450
0.565940
0.595897
0.631560
0.671895
0.715635
0.761322
0.807362
0.852085
0.893803
0.930883
0.961799
0.985203
0.999971
1.005253
1.000510
0.985534
0.960467
0.925798
0.882350
0.524503
0.467161
0.405199
0.340413
0.274698
0.209989
0.148188
0.091096
0.040348
-0.002648
-0.036762
-0.061179
-0.075437
-0.079439
-0.073459
-0.058131
-0.034430
-0.003633
0.032724
0.072904
0.115032
-0.072905
-0.032724
0.003633
0.034430
0.058131
0.073459
0.079439
0.075437
0.061179
0.036762
0.002648
-0.040348
-0.091097
-0.148189
-0.209989
-0.274698
-0.340413
-0.405199
-0.467161
-0.524503
-0.575600
-0.619049
-0.960467
-0.985534
-1.000510
-1.005253
-0.999971
-0.985203
-0.961799
-0.930883
-0.893803
-0.852085
-0.807362
-0.761322
-0.715635
-0.671895
-0.631560
-0.595897
-0.565940
-0.542450
-0.525897
-0.516442
-0.513939
-0.211195
-0.220997
-0.235639
-0.253971
-0.274698
-0.296430
-0.317749
-0.337261
-0.353656
-0.365763
-0.372595
-0.373391
-0.367647
-0.355131
-0.335897
-0.310280
-0.278878
-0.242531
-0.202285
-0.159346
-0.115032
0.159346
0.202285
0.242532
0.278878
0.310280
0.335898
0.355131
0.367647
0.373391
0.372594
0.365762
0.353656
0.337261
0.317749
0.296430
0.274698
0.253971
0.235638
0.220996
0.211196
0.207189
0.209692
0.525897
0.542450
0.565940
0.595897
0.631560
0.671895
0.715635
0.761322
0.807362
0.852085
0.893803
0.930883
0.961799
0.985203
0.999971
1.005253
1.000510
0.985534
0.960467
0.925798
0.882350
0.524503
0.467160
0.405199
0.340412
0.274697
0.209989
0.148189
0.091096
0.040348
-0.002649
-0.036762
-0.061180
-0.075437
-0.079439
-0.073458
-0.058131
-0.034429
-0.003632
0.032725
0.072904
0.115032
-0.072904
-0.032724
0.003633
0.034430
0.058131
0.073458
0.079439
0.075437
0.061179
0.036762
0.002648
-0.040349
-0.091097
-0.148189
-0.209989
-0.274698
-0.340413
-0.405200
-0.467162
-0.524503
-0.575600
-0.619049
-0.960468
-0.985534
-1.000510
-1.005253
-0.999971
-0.985202
-0.961799
-0.930882
-0.893803
-0.852084
-0.807362
-0.761322
-0.715635
-0.671895
-0.631560
-0.595897
-0.565939
-0.542450
-0.525897
-0.516442
-0.513939
-0.211196
-0.220997
-0.235639
-0.253971
-0.274698
-0.296431
-0.317750
-0.337261
-0.353656
-0.365762
-0.372594
-0.373391
-0.367647
-0.355131
-0.335897
-0.310280
-0.278878
-0.242531
-0.202285
-0.159345
-0.115032
