-4.167331
-4.024191
-3.881051
-3.737911
-3.594770
-3.451631
-3.308490
-2.611638
-2.340744
-2.197604
-1.496997
-1.353857
-0.653249
-0.510109
-1.289822
-1.146683
-1.932653
-1.789513
-1.646373
-0.945766
-1.731737
-1.034885
-0.891744
-0.620851
-1.406822
-1.263682
-0.644372
-1.424085
-1.280945
-1.137805
-0.437198
-1.223169
-1.080029
-0.936889
-0.240036
0.460571
0.603711
-0.182260
0.088633
0.231774
-0.554197
-1.333911
-1.190771
-0.490163
-0.347023
-0.203883
-0.989854
-1.775825
-1.078973
-0.935833
-0.235225
-0.092085
-0.878056
-0.607163
-1.386876
-0.686270
-0.543129
-0.399989
-0.256849
0.443758
-0.342212
-0.574472
-0.431331
-0.288191
0.412416
0.555556
0.698697
0.841837
0.189876
0.890483
0.104512
0.247652
0.390793
0.533933
-0.252038
0.444814
-0.341157
0.278153
0.421293
-0.364678
-0.221538
-1.001251
-0.300644
-0.029751
0.113390
0.256530
-0.529441
-0.386301
0.310551
1.011159
1.154299
0.368327
1.068935
1.212075
0.426104
-0.353610
-0.210469
-0.067330
0.203564
-0.582407
-0.439267
-0.296127
0.400726
-0.385245
-0.242105
0.458502
-0.327469
-0.184329
-0.964042
-0.263435
-1.049406
-0.906266
-0.763126
-0.492233
-0.349092
0.347760
0.490900
-0.295071
-0.151930
-0.937901
-0.794761
-1.580733
-2.360446
-2.217306
-2.074165
-1.931026
-1.787884
-1.644745
0.386670
1.644745
1.787884
1.931025
2.074165
2.217306
2.360445
1.580732
0.794761
0.937901
0.151930
0.295070
-0.490901
-0.347761
0.349092
0.492232
0.763125
0.906266
1.049406
0.263435
0.964041
0.184329
0.327468
-0.458503
0.242104
0.385245
-0.400726
0.296126
0.439266
0.582407
-0.203565
0.067329
0.210469
0.353610
-0.426104
-1.212075
-1.068935
-0.368328
-1.154299
-1.011159
-0.310552
0.386300
0.529441
-0.256531
-0.113390
0.029750
0.300643
1.001251
0.221537
0.364677
-0.421294
-0.278153
0.341156
-0.444815
0.252037
-0.533933
-0.390793
-0.247653
-0.104513
-0.890484
-0.189877
-0.841837
-0.698697
-0.555557
0.145050
0.288191
0.431331
0.574471
0.342212
-0.443759
0.256848
0.399989
0.543128
0.686269
1.386876
0.607163
0.878055
0.092085
0.235225
0.935832
1.078972
1.775825
0.989853
0.203882
0.347023
0.490163
1.190770
1.333910
0.554197
-0.231774
-0.088634
0.182260
-0.603712
-0.460571
0.240035
0.936888
1.080028
1.223169
0.437197
1.137804
1.280945
1.424085
0.644371
1.263681
1.406822
0.620851
0.891743
1.034884
1.731736
0.945766
1.646372
1.789513
1.932653
1.146682
1.289822
0.510109
0.653248
1.353856
1.496996
2.197604
2.340744
2.611637
3.308489
3.451630
3.594769
3.737910
3.881050
4.024191
