0.186108
0.357528
0.503112
0.611364
0.672709
0.680395
0.631439
0.527447
0.375136
0.186340
-0.022600
-0.232139
-0.421411
-0.570507
-0.776187
-0.800684
-0.979887
-0.864066
-0.690874
-0.477417
-0.244832
-0.015681
0.188770
0.351023
0.459181
0.507962
0.498752
0.325458
0.226355
0.102214
-0.032286
-0.390247
-0.507130
-0.601391
-0.667942
-0.704488
-0.710948
-0.807822
-0.759670
-0.688802
-0.599204
-0.608958
-0.497043
-0.383336
-0.275078
-0.179695
-0.330689
-0.280060
-0.257350
-0.262306
-0.291242
-0.337301
0.372930
0.321440
0.168947
0.149957
0.155646
0.186406
0.238426
0.304332
0.374469
0.211948
0.261102
0.289135
0.293869
0.277470
0.246059
0.208611
0.062012
0.042566
0.044302
0.071019
0.122314
0.193666
0.158224
0.244095
0.095271
0.155830
0.192237
0.200802
0.181258
0.023150
-0.041551
-0.119341
-0.202800
-0.284696
-0.403820
-0.463874
-0.505444
-0.524548
-0.517880
-0.709546
-0.644726
-0.550165
-0.428158
-0.397127
-0.238614
-0.077168
0.073655
0.199178
0.285297
0.320408
0.297271
0.978679
0.841574
0.662032
0.230892
0.022751
-0.279812
-0.428995
-0.640010
-0.663862
-0.615947
-0.500357
-0.328190
-0.116008
0.116296
0.347864
0.559161
0.733861
0.860138
0.704629
0.605731
0.566440
0.480190
0.356569
0.207087
0.044408
-0.234435
-0.383916
-0.507537
-0.593787
-0.633077
-0.618644
-0.547491
-0.534544
-0.586506
-0.375209
-0.143641
0.088663
0.300845
0.473012
0.588602
0.636515
0.612663
0.520645
0.371462
0.063233
-0.144909
-0.462717
-0.642262
-1.006027
-1.088791
-1.111927
-0.312644
-0.226524
-0.101000
0.049822
0.211269
0.369782
0.514144
0.636151
0.617380
0.682199
0.717195
0.723863
0.478097
0.436527
0.376472
0.302682
0.220786
0.091994
0.014204
-0.050497
-0.095275
-0.114818
-0.219583
-0.183175
-0.122617
-0.044778
0.041092
-0.102014
-0.030662
-0.098365
-0.071648
-0.069913
-0.089359
-0.122627
-0.160075
-0.304817
-0.321215
-0.316482
-0.288448
-0.239294
-0.175154
-0.105017
-0.265772
-0.213753
-0.182992
-0.177303
-0.196294
-0.235456
-0.286946
-0.454218
-0.500277
0.234958
0.230004
0.252714
0.303343
0.379011
0.474395
0.355990
0.469697
0.581613
0.685190
0.774788
0.732325
0.780476
0.802600
0.796139
0.640596
0.574045
0.479782
0.362898
0.231601
0.097101
-0.253701
-0.352805
-0.412767
-0.421977
-0.486526
-0.378370
-0.216117
-0.011665
0.217486
0.450072
0.663529
0.836721
0.952541
1.000000
0.975503
0.656490
0.507393
0.204789
-0.004751
-0.213687
-0.402482
-0.554794
-0.658786
-0.707742
-0.700055
-0.638709
-0.530458
-0.384873
-0.213452
-0.028849
