0.121136
0.136752
0.151477
0.164907
0.176684
0.186511
0.194160
0.199484
0.202417
0.202980
0.201276
0.197488
0.191872
0.184740
0.176458
0.041434
-0.052083
-0.061377
-0.070188
-0.078145
-0.084919
-0.090240
-0.093906
-0.095789
-0.095843
-0.094104
-0.090689
-0.085790
-0.079666
0.053353
0.060926
0.068649
0.160256
0.167055
0.172798
0.177131
0.179745
0.180392
0.178894
0.175154
0.169154
0.160965
0.150737
0.012710
-0.000839
-0.015540
-0.030990
-0.046752
-0.146517
-0.161548
-0.175553
-0.188133
-0.198933
-0.207663
-0.214101
-0.218106
-0.219618
-0.092678
-0.089376
-0.083914
-0.076555
-0.067623
-0.057493
-0.046571
0.048859
0.060085
0.070835
0.080727
0.089422
0.096639
0.102166
0.105867
-0.018306
-0.018346
-0.020136
-0.023492
-0.028164
-0.033840
-0.040165
-0.046752
-0.137342
-0.143248
-0.148228
-0.151930
-0.154050
-0.154342
-0.026641
-0.022830
-0.016902
-0.008926
0.000947
0.012491
0.025409
0.039347
0.053904
0.068649
0.167278
0.181060
0.193712
0.204839
0.088108
0.095213
0.099953
0.102195
0.101890
0.099077
0.093878
0.086495
0.077201
0.066331
0.054269
0.041434
-0.055883
-0.068957
0.044482
0.032848
0.022478
0.013662
0.006621
0.001501
-0.001636
-0.002807
-0.002113
0.000267
0.004088
0.009044
0.014784
0.020923
-0.014783
-0.009044
-0.004088
-0.000267
0.002113
0.002807
0.001635
-0.001501
-0.006621
-0.013662
-0.022478
-0.032848
-0.044482
-0.057032
-0.070106
0.042710
-0.054269
-0.066331
-0.077201
-0.086495
-0.093878
-0.099077
-0.101890
-0.102195
-0.099953
-0.095213
-0.088108
-0.078850
-0.067723
-0.181060
-0.167278
-0.152792
-0.053904
-0.039347
-0.025409
-0.012491
-0.000947
0.008926
0.016902
0.022830
0.026641
0.028353
0.028061
0.151930
0.148228
0.143248
0.137342
0.130895
0.040165
0.033840
0.028164
0.023492
0.020136
0.018346
0.018306
0.020122
0.023823
-0.096639
-0.089422
-0.080726
-0.070835
-0.060084
-0.048859
-0.037572
0.057493
0.067623
0.076555
0.083914
0.089376
0.092679
0.093629
0.092117
0.214101
0.207663
0.198933
0.188132
0.175553
0.161547
0.146517
0.130895
0.030990
0.015540
0.000839
-0.012710
-0.024748
-0.034976
-0.169155
-0.175154
-0.178894
-0.180392
-0.179745
-0.177131
-0.172798
-0.167055
-0.160256
-0.152792
-0.060926
-0.053352
-0.046323
-0.040199
0.090689
0.094104
0.095843
0.095789
0.093906
0.090240
0.084919
0.078145
0.070188
0.061377
0.052083
0.042710
-0.050469
-0.058751
-0.191872
-0.197488
-0.201276
-0.202980
-0.202417
-0.199484
-0.194160
-0.186511
-0.176684
-0.164907
-0.151477
-0.136752
-0.121136
-0.105066
