0.116828
0.126510
0.136020
0.145276
0.154198
0.162709
0.170737
0.178215
0.185083
0.191289
0.196784
0.201533
0.205503
0.208674
0.211034
0.212578
0.213312
0.213250
0.212413
0.210832
0.208546
0.205600
0.202046
0.197942
0.193352
0.188344
0.054608
0.048980
0.043155
-0.048532
-0.054522
-0.060481
-0.066335
-0.072013
-0.077450
-0.082582
-0.087353
-0.091712
-0.095614
-0.099023
-0.101909
-0.104249
-0.106031
-0.107248
-0.107905
-0.108010
-0.107585
-0.106655
-0.105254
-0.103424
-0.101211
-0.098669
0.032525
0.035547
0.038713
0.041954
0.045202
0.134125
0.137173
0.140018
0.142592
0.144832
0.146677
0.148073
0.148969
0.149321
0.149093
0.148253
0.146781
0.144660
0.141887
0.138463
0.134398
0.129713
0.124435
0.118600
0.112250
-0.022944
-0.030164
-0.037728
-0.045568
-0.053610
-0.061779
-0.069995
-0.078176
-0.086242
-0.179849
-0.187438
-0.194668
-0.201463
-0.207752
-0.213465
-0.218542
-0.222925
-0.226566
-0.229422
-0.231459
-0.232652
-0.232983
-0.232445
-0.231039
-0.228774
-0.225670
-0.093372
-0.088679
-0.083253
-0.077146
-0.070416
-0.063127
-0.055348
-0.047156
-0.038627
-0.029843
-0.020887
0.073897
0.082944
0.091911
0.100718
0.109284
0.117537
0.125404
0.132821
0.139729
0.146075
0.151815
0.156911
0.161333
0.165061
0.039702
0.042012
0.043617
0.044529
0.044770
0.044369
0.043363
0.041794
0.039714
0.037178
0.034246
0.030983
0.027455
0.023734
0.019890
-0.069744
-0.073618
-0.077401
-0.081025
-0.084427
-0.087545
-0.090325
-0.092715
-0.094672
-0.096159
-0.097146
0.030771
0.030843
0.031460
0.032618
0.034307
0.036510
0.039200
0.042344
0.045901
0.049823
0.054058
0.058546
0.063224
0.068024
0.072876
0.077708
0.082446
0.172756
0.177084
0.181099
0.184732
0.187916
0.190590
0.192698
0.194189
0.195019
0.066770
0.066174
0.064828
0.062720
0.059846
0.056209
0.051822
0.046707
0.040895
0.034423
0.027338
0.019693
0.011547
0.002969
-0.005972
-0.015198
-0.024630
-0.034185
-0.043778
-0.053324
-0.148479
-0.157675
-0.166572
-0.175089
-0.183150
-0.062304
-0.069247
-0.075537
-0.081123
-0.085958
-0.090006
-0.093237
-0.095632
-0.097178
-0.097873
-0.097723
-0.096744
-0.094960
-0.092401
-0.089110
-0.085132
-0.080522
-0.075340
-0.069651
-0.063527
-0.057040
-0.050268
-0.043288
0.049560
0.056716
0.063842
-0.057519
-0.050680
-0.044090
-0.037816
-0.031918
-0.026450
-0.021460
-0.016987
-0.013066
-0.009720
-0.006968
-0.004817
-0.003267
-0.002312
-0.001933
-0.002108
-0.002804
-0.003984
-0.005601
-0.007605
-0.009939
-0.012543
-0.015353
-0.018302
-0.021320
