0.699757
0.694759
0.689409
0.683545
0.677012
0.669672
0.661408
0.652120
0.641733
0.630198
0.617487
0.603600
0.588560
0.572414
0.555228
0.537090
0.518100
0.498373
0.478031
0.457202
0.436014
0.414593
0.393059
0.371522
0.350079
0.328812
0.307785
0.287045
0.266617
0.246509
0.226707
0.207180
0.187878
0.168741
0.149692
0.130648
0.111517
0.449989
0.430411
0.410477
0.390107
0.369233
0.347800
0.325769
0.303118
0.279845
0.255967
0.231518
0.206555
0.181150
0.155390
0.129377
0.103222
0.077045
0.050969
0.025116
-0.000392
-0.025445
-0.049939
-0.073786
-0.096915
-0.119273
-0.140830
-0.161578
0.210324
0.191128
0.172629
0.154744
0.137371
0.120390
0.103668
0.087060
0.070416
0.053578
0.394172
0.376489
0.358166
0.339075
0.319100
0.298146
0.276138
0.253023
0.228775
0.203388
0.176884
0.149307
0.734058
0.704553
0.674230
0.643209
0.611618
0.579595
0.547281
0.514814
0.482331
0.449959
0.417812
0.385994
0.354587
0.323655
0.293243
0.263371
0.234039
0.205225
0.176886
0.148962
0.121371
0.094024
0.066816
0.039637
0.370150
0.342684
0.314905
0.286710
0.258005
0.228709
0.198758
0.168107
0.136728
0.104618
0.071789
0.038280
0.004144
-0.030543
-0.065693
-0.101201
-0.136955
-0.172833
0.183142
0.147388
0.111879
0.076730
0.042042
0.007907
-0.025603
-0.058431
-0.090542
-0.121920
-0.152571
-0.182522
-0.211818
-0.240524
-0.268719
-0.296497
-0.323964
-0.351230
-0.378409
-0.047838
-0.075185
-0.102775
-0.130700
-0.159038
-0.187852
-0.217184
-0.247056
-0.277468
-0.308400
-0.339807
-0.371626
-0.403772
-0.436144
-0.468628
-0.501094
-0.533409
-0.565431
-0.597022
-0.628043
-0.658366
-0.687872
-0.716457
-0.744034
-0.157202
-0.182588
-0.206837
-0.229951
-0.251959
-0.272913
-0.292888
-0.311980
-0.330302
-0.347985
-0.365170
-0.382008
-0.040874
-0.057481
-0.074203
-0.091184
-0.108557
-0.126442
-0.144941
-0.164137
-0.184089
0.187017
0.165460
0.143102
0.119972
0.096125
0.071632
0.046579
0.021071
-0.004782
-0.030858
-0.057035
-0.083190
-0.109203
-0.134963
-0.160369
-0.185331
-0.209780
-0.233658
-0.256931
-0.279582
-0.301613
-0.323046
-0.343920
-0.364290
-0.384224
-0.403802
-0.423110
-0.442240
-0.103505
-0.122554
-0.141692
-0.160993
-0.180520
-0.200322
-0.220430
-0.240858
-0.261598
-0.282625
-0.303892
-0.325335
-0.346872
-0.368406
-0.389827
-0.411015
-0.431844
-0.452187
-0.471913
-0.490903
-0.509041
-0.526227
-0.542373
-0.557413
-0.571300
-0.584011
-0.595547
-0.605933
-0.615221
-0.623486
-0.630825
-0.637358
-0.643223
-0.648572
-0.653570
-0.658392
