0.515959
0.433380
0.355662
0.285055
0.223592
0.173035
0.134818
0.110004
0.099253
0.102801
0.120454
0.151591
0.195181
0.249814
0.313742
0.384930
0.461111
0.539861
0.618662
0.694981
0.766341
0.830396
0.885001
0.928273
0.958646
0.974924
0.976308
0.962425
0.933338
0.889546
0.831970
0.761925
0.681080
0.591420
0.495174
0.394762
0.292716
0.191614
0.093998
0.002307
-0.081201
-0.154510
-0.215905
-0.264025
-0.297896
-0.316967
-0.321118
-0.310671
-0.286370
-0.249369
-0.201190
-0.143682
-0.078964
-0.009366
0.062645
0.134534
0.203771
0.267909
0.324656
0.371938
0.407965
0.431278
0.440797
0.435845
0.872670
0.838470
0.790353
0.729340
0.656831
0.574561
0.484551
0.389045
0.290443
0.191232
0.093912
0.000919
-0.085445
-0.163081
-0.230155
-0.285153
-0.326926
-0.354725
-0.368222
-0.367518
-0.353147
-0.326053
0.426942
0.475142
0.531078
0.592542
0.657143
0.722392
0.785768
0.844794
0.897112
0.940552
0.973195
0.993429
1.000000
0.992050
0.969136
0.931251
0.878821
0.812693
0.734112
0.644684
0.546326
0.441219
0.331733
0.220364
0.109663
0.002156
-0.099728
-0.193729
-0.277820
-0.350264
-0.409677
-0.455052
-0.485800
-0.501762
-0.503218
-0.490872
-0.465839
-0.429602
-0.383980
-0.331066
-0.273167
-0.212739
0.304181
0.362078
0.414992
0.460614
0.496850
0.521884
0.534230
0.532774
0.516811
0.486063
0.440689
0.381276
0.308831
0.224741
0.130740
0.028856
-0.078652
-0.189353
-0.300722
-0.410207
-0.515315
-0.613673
-0.703101
-0.781682
-0.847810
-0.900239
-0.938124
-0.961038
-0.968988
-0.962416
-0.942182
-0.909540
-0.866100
-0.813781
-0.754756
-0.691380
-0.626131
-0.561530
-0.500067
-0.444128
-0.395930
-0.357446
-0.330352
0.398529
0.399233
0.385737
0.357938
0.316164
0.261166
0.194093
0.116457
0.030093
-0.062901
-0.160220
-0.259432
-0.358033
-0.453540
-0.543550
-0.625819
-0.698328
-0.759341
-0.807458
-0.841658
-0.861326
-0.409785
-0.400266
-0.376952
-0.340926
-0.293643
-0.236897
-0.172758
-0.103520
-0.031633
0.040379
0.109977
0.174695
0.232202
0.280381
0.317382
0.341683
0.352131
0.347979
0.328908
0.295037
0.246917
0.185522
0.112212
0.028704
-0.062988
-0.160602
-0.261704
-0.363751
-0.464164
-0.560409
-0.650070
-0.730913
-0.800958
-0.858535
-0.902326
-0.931413
-0.945296
-0.943912
-0.927634
-0.897261
-0.853990
-0.799385
-0.735329
-0.663969
-0.587650
-0.508849
-0.430100
-0.353918
-0.282731
-0.218802
-0.164169
-0.120579
-0.089442
-0.071790
-0.068241
-0.078992
-0.103806
-0.142023
-0.192579
-0.254043
-0.324651
-0.402369
-0.484949
-0.569997
