0.445432
0.457778
0.469991
0.482003
0.493750
0.505167
0.516194
0.526770
0.536838
0.546343
0.555234
0.563463
0.570985
0.577759
0.583749
0.588922
0.593251
0.596710
0.599283
0.600955
0.601717
0.601564
0.600499
0.598525
0.595655
0.591903
0.587291
0.581842
0.575587
0.568559
0.560797
0.552342
0.543241
0.533542
0.523298
0.512566
0.501402
0.489868
0.478025
0.465939
0.453674
0.441298
0.428876
-0.246024
-0.258333
-0.270486
-0.282417
-0.294061
-0.305355
-0.316238
-0.326651
-0.336537
-0.345843
-0.354519
-0.362517
-0.369794
-0.376311
-0.382032
-0.386926
-0.390967
-0.394133
-0.396407
-0.397776
-0.398233
-0.601310
-0.599941
-0.597667
-0.594501
-0.590460
-0.585566
-0.579845
-0.573328
-0.566051
-0.558053
-0.549378
-0.540071
-0.530185
-0.519772
-0.508889
-0.497595
-0.485951
-0.474020
-0.461867
-0.449558
-0.437159
-0.424737
0.250140
0.262405
0.274491
0.286334
0.297868
0.309032
0.319764
0.330008
0.339706
0.348808
0.357262
0.365025
0.372052
0.378308
0.383756
0.388369
0.392121
0.394991
0.396964
0.398030
0.398183
0.397421
0.395749
0.393176
0.389716
0.385388
0.380215
0.374225
0.367451
0.359929
0.351700
0.342809
0.333304
0.323236
0.312660
0.301633
0.290216
0.278469
0.266457
0.254244
0.241897
0.229483
-0.241897
-0.254244
-0.266457
-0.278469
-0.290216
-0.301633
-0.312660
-0.323236
-0.333304
-0.342809
-0.351700
-0.359929
-0.367451
-0.374225
-0.380215
-0.385388
-0.389716
-0.393176
-0.395749
-0.397421
-0.398183
-0.398030
-0.396964
-0.394991
-0.392121
-0.388369
-0.383756
-0.378308
-0.372052
-0.365025
-0.357262
-0.348808
-0.339706
-0.330008
-0.319764
-0.309032
-0.297868
-0.286334
-0.274491
-0.262405
-0.250140
-0.237763
-0.225342
0.449558
0.461867
0.474020
0.485951
0.497595
0.508889
0.519772
0.530185
0.540072
0.549378
0.558053
0.566051
0.573328
0.579845
0.585566
0.590460
0.594501
0.597667
0.599941
0.601310
0.601768
0.397776
0.396407
0.394133
0.390967
0.386926
0.382032
0.376311
0.369794
0.362517
0.354519
0.345843
0.336537
0.326651
0.316238
0.305355
0.294061
0.282417
0.270486
0.258333
0.246024
0.233625
0.221203
-0.453675
-0.465939
-0.478025
-0.489868
-0.501402
-0.512566
-0.523298
-0.533542
-0.543241
-0.552342
-0.560796
-0.568559
-0.575587
-0.581842
-0.587291
-0.591903
-0.595655
-0.598525
-0.600498
-0.601564
-0.601717
-0.600955
-0.599283
-0.596710
-0.593251
-0.588922
-0.583749
-0.577759
-0.570985
-0.563463
-0.555234
-0.546343
-0.536838
-0.526770
-0.516194
-0.505167
-0.493750
-0.482003
-0.469991
-0.457778
-0.445432
-0.433017
