0.696731
0.968899
1.191467
1.346335
1.422550
1.417336
1.336165
1.191902
1.003129
0.697923
0.487085
0.297854
0.030035
-0.069868
-0.114194
-0.165500
-0.108990
-0.017512
0.188542
0.306411
0.416645
0.508914
0.577006
0.619229
0.755531
0.756839
0.654368
0.644082
0.638852
0.704026
0.718367
0.740212
0.763591
0.780239
0.781000
0.733944
0.679907
0.592893
0.474858
0.332439
0.176477
0.020886
-0.118982
-0.907577
-0.974047
-0.989664
-0.952022
-0.747493
-0.620826
-0.469550
-0.312083
-0.168148
0.037573
0.101951
0.109085
0.055828
-0.053724
-0.147524
-0.331060
-0.640315
-0.912654
-1.057186
-1.151197
-1.183795
-1.151197
-1.057186
-0.912654
-0.734267
-0.542453
-0.264964
0.007346
0.116897
0.109085
0.101951
0.037572
-0.074197
-0.218132
-0.469551
-0.620827
-0.747494
-0.834582
-0.872224
-0.974047
-0.907576
-0.798256
-0.658387
0.176478
0.332441
0.474858
0.592893
0.679907
0.733943
0.757512
0.756751
0.763590
0.740212
0.718367
0.704027
0.699921
0.705151
0.654369
0.662888
0.661580
0.736668
0.694446
0.508914
0.416645
0.306410
0.188542
0.076440
-0.015038
-0.165501
-0.175262
-0.130937
0.030036
0.180414
0.369645
0.697924
0.909179
1.097950
1.336165
1.417336
1.422550
1.346335
1.191467
0.968898
0.696731
0.398355
-0.602781
-0.968899
-1.191468
-1.346336
-1.422551
-1.417336
-1.336165
-1.191901
-1.003130
-0.697924
-0.487084
-0.297853
-0.030034
0.069869
0.114194
0.165500
0.108990
0.017510
-0.188543
-0.306410
-0.416645
-0.508913
-0.577007
-0.619228
-0.755532
-0.756839
-0.654368
-0.644082
-0.638852
-0.704026
-0.718367
-0.740213
-0.763590
-0.780239
-0.781000
-0.733944
-0.679907
-0.592893
-0.474857
-0.332438
-0.176475
-0.020888
0.118981
0.907576
0.974046
0.989663
0.952021
0.747491
0.620827
0.469550
0.312083
0.168147
-0.037574
-0.101952
-0.109085
-0.055828
0.053724
0.147525
0.331062
0.640318
0.912656
1.057189
1.151197
1.183795
1.151196
1.057184
0.912650
0.734263
0.542448
0.264964
-0.007346
-0.116898
-0.109085
-0.101950
-0.037571
0.074199
0.218132
0.469551
0.620828
0.747495
0.834583
0.872224
0.974046
0.907576
0.798255
0.658386
-0.176479
-0.332441
-0.474860
-0.592893
-0.679907
-0.733944
-0.757512
-0.756751
-0.763590
-0.740212
-0.718367
-0.704026
-0.699921
-0.705151
-0.654368
-0.662887
-0.661579
-0.736669
-0.694446
-0.508913
-0.416645
-0.306410
-0.188541
-0.076439
0.015037
0.165499
0.175262
0.130937
-0.030036
-0.180417
-0.369648
-0.697922
-0.909177
-1.097949
-1.336165
-1.417336
-1.422550
-1.346333
-1.191468
-0.968898
-0.696729
-0.398355
