0.336589
0.240738
0.142789
0.042026
-0.061891
-0.168839
-0.278168
-0.388676
-0.498610
-0.605720
-0.707321
-0.800411
-0.881796
-0.948246
-0.996653
-1.166134
-1.028510
-1.007813
-0.961046
-1.029887
-0.931079
-0.808053
-0.521236
-0.357662
-0.179255
0.009549
0.334822
0.529705
0.720024
1.042821
1.209699
1.358617
1.486307
1.590328
1.669153
1.722208
1.749883
1.895413
1.877055
1.839581
1.786382
1.721225
1.648064
0.151494
0.073977
-0.000466
-0.068981
-0.129357
-0.038174
-0.078585
-0.108703
-0.129291
-0.272650
-0.278886
-0.281164
-0.423878
-0.425615
-0.288654
-0.298793
-0.315512
-0.339591
-0.371083
-0.409266
-0.452642
-0.640919
-0.687357
-0.730520
-0.766700
-0.792065
-0.802859
-0.795645
-0.767523
-0.858262
-0.782754
-0.540817
-0.417295
-0.272416
0.021383
0.197866
0.382550
0.711219
0.893324
1.063881
1.216011
1.343208
1.439642
2.635935
2.657487
2.637600
2.575701
2.472918
2.332100
2.015828
1.814025
1.592138
1.358617
1.122636
0.893752
0.681489
0.494934
0.200420
0.088872
0.023877
-0.121763
-0.084552
0.004157
0.141738
0.465379
0.684484
0.932530
1.341558
1.616746
2.030390
2.286878
2.658647
2.851165
2.996937
3.088146
3.118940
3.085680
2.987130
2.824513
2.601509
2.324103
2.000401
1.640299
1.255113
0.857131
-1.113180
-1.640302
-2.000405
-2.324106
-2.601510
-2.824515
-2.987131
-3.085682
-3.118939
-3.088145
-2.996936
-2.851164
-2.658645
-2.428812
-2.172324
-1.758681
-1.341557
-1.074465
-0.826419
-0.465377
-0.283672
-0.146091
0.084554
0.121764
0.107027
0.042029
-0.200422
-0.353000
-0.539554
-0.893752
-1.122638
-1.358618
-1.592141
-1.814027
-2.015829
-2.190165
-2.330983
-2.575702
-2.637600
-2.657487
-2.635935
-2.575127
-2.478693
-1.216008
-1.063878
-0.893322
-0.711216
-0.524481
-0.197865
-0.021383
0.141515
0.286393
0.540817
0.640818
0.716328
0.909457
0.937580
0.802858
0.792062
0.766700
0.730518
0.687357
0.640919
0.594578
0.409266
0.371082
0.339590
0.315512
0.298792
0.288653
0.283677
0.281940
0.423097
0.420819
0.272649
0.260192
0.239606
0.078585
0.038173
-0.012579
0.068980
0.000465
-0.073978
-0.151494
-0.228708
-0.301868
-1.786381
-1.839581
-1.877056
-1.895414
-1.891819
-1.864144
-1.669152
-1.590328
-1.486306
-1.358616
-1.209700
-1.042821
-0.861961
-0.671640
-0.334820
-0.140450
0.048355
0.357661
0.521236
0.666118
0.789144
1.029888
1.102982
1.149749
1.028511
1.024198
1.138588
1.090182
0.881796
0.800411
0.707320
0.605720
0.498609
0.388674
0.278167
0.168838
0.061891
-0.042027
-0.142788
-0.240737
-0.336589
-0.431324
