0.693028
0.751081
0.806434
0.857835
0.904144
0.944367
0.977685
1.003470
1.021307
1.031000
1.032573
1.026271
1.012541
0.992020
0.965511
0.837624
0.781478
0.743028
0.702844
0.644583
0.604356
0.565715
0.503884
0.471147
0.442460
0.418342
0.373415
0.359312
0.350305
0.442560
0.443102
0.447808
0.145567
0.156815
0.170289
0.185237
0.200900
0.234036
0.248961
0.262545
0.274251
0.283642
0.290397
0.183349
0.184340
0.182440
0.177794
0.170645
0.140735
0.129624
0.117169
0.103840
0.115841
0.102179
0.089017
0.059247
0.048188
0.134929
0.126993
0.120808
0.116391
0.113684
0.112557
0.112821
0.094427
0.096728
0.099623
0.102817
0.106031
0.109010
0.111538
0.113452
0.018318
0.018750
0.035943
0.034996
0.033559
0.006114
0.004373
0.002899
-0.018579
-0.018575
-0.017361
-0.014646
-0.010180
-0.003758
0.167178
0.177865
0.190718
0.205657
0.222522
0.241080
0.243530
0.264503
0.286090
0.307843
0.018751
0.039432
0.058879
0.076658
-0.003951
0.009370
0.020022
0.053539
0.058346
0.060141
0.058977
0.029259
0.022652
0.013701
0.020231
0.007620
-0.026821
-0.041516
0.039685
0.024514
0.009654
-0.004584
-0.017945
-0.030239
-0.041342
-0.051202
-0.059840
-0.067341
-0.073852
-0.079573
-0.084743
-0.089630
0.102238
0.079573
0.073852
0.067341
0.059840
0.051202
0.041341
0.030239
0.017945
0.004584
-0.009654
-0.024514
-0.039685
-0.054812
-0.069508
0.012963
-0.020231
-0.031196
-0.040147
-0.029259
-0.033248
-0.034412
-0.058346
-0.053539
-0.045751
-0.035099
0.003952
0.019671
0.037450
-0.039432
-0.018751
0.002703
-0.286089
-0.264503
-0.243530
-0.223584
-0.205026
-0.205657
-0.190718
-0.177865
-0.167178
-0.158661
-0.152240
0.014646
0.017360
0.018575
0.018579
0.017684
-0.004373
-0.006114
-0.007831
-0.009268
-0.035943
-0.036246
-0.035814
-0.017124
-0.015210
-0.109010
-0.106031
-0.102818
-0.099623
-0.096728
-0.094427
-0.093009
-0.112557
-0.113684
-0.116391
-0.120808
-0.126993
-0.134929
-0.144516
-0.155575
-0.071521
-0.084683
-0.115841
-0.129569
-0.142898
-0.129624
-0.140735
-0.150062
-0.177794
-0.182440
-0.184340
-0.183349
-0.179435
-0.172681
-0.274251
-0.262545
-0.248961
-0.234036
-0.218396
-0.202732
-0.170289
-0.156815
-0.145567
-0.137262
-0.443102
-0.442560
-0.446633
-0.455640
-0.373415
-0.392613
-0.416731
-0.471147
-0.503884
-0.539986
-0.578627
-0.644584
-0.685349
-0.725532
-0.781477
-0.817040
-0.869182
-0.895692
-1.012541
-1.026271
-1.032573
-1.031000
-1.021307
-1.003470
-0.977685
-0.944367
-0.904143
-0.857834
-0.806434
-0.751081
-0.693028
-0.633606
