0.342861
0.339886
0.336912
0.333937
0.330963
0.327988
0.325014
0.105758
0.102784
0.099809
0.096835
0.093860
-0.013766
-0.016741
0.227463
0.224488
0.221514
0.218539
0.215565
0.212590
0.209616
-0.009640
-0.012614
-0.015589
0.101040
0.098065
0.095091
0.339294
0.336320
0.333345
0.330371
0.327396
0.324422
0.321447
0.102192
-0.005435
-0.008409
-0.011384
-0.014358
-0.017333
-0.020307
0.223897
0.220922
0.217948
0.214973
0.211999
0.209024
0.325652
0.106397
0.103422
0.100448
0.097473
0.094499
0.091524
0.335728
0.332754
0.329779
0.326805
0.323830
0.216203
0.213229
-0.006027
-0.009001
-0.011976
-0.254155
-0.257130
-0.260104
-0.263079
-0.018875
-0.021849
0.094779
0.091804
0.088830
0.085855
0.082881
-0.136375
-0.139349
-0.142324
-0.145298
-0.148273
-0.151247
0.092957
-0.014670
-0.017645
-0.020619
-0.023593
-0.026568
-0.029542
-0.248798
-0.251772
-0.254747
-0.257721
-0.260696
-0.263670
-0.147042
0.097161
0.094187
0.091213
0.088238
0.085264
0.082289
0.079315
-0.139941
-0.142915
-0.145890
-0.253517
-0.256491
-0.259466
-0.015262
-0.018236
-0.021211
-0.024185
-0.027160
-0.030134
-0.033109
-0.252364
-0.255339
-0.138711
-0.141685
-0.144660
-0.147634
-0.150609
0.093595
0.090621
0.087646
0.084672
0.081697
0.078723
-0.075748
-0.078723
-0.081697
-0.084672
-0.087646
-0.090621
-0.093595
0.150609
0.147634
0.144660
0.141685
0.138711
0.255339
0.252364
0.033109
0.030134
0.027160
0.024185
0.021211
0.018236
0.015262
0.259466
0.256491
0.253517
0.145890
0.142915
0.139941
-0.079315
-0.082289
-0.085264
-0.088238
-0.091213
-0.094187
-0.097161
0.147042
0.263670
0.260696
0.257721
0.254747
0.251772
0.248798
0.029542
0.026568
0.023593
0.020619
0.017645
0.014670
-0.092957
0.151247
0.148273
0.145298
0.142324
0.139349
0.136375
-0.082881
-0.085855
-0.088830
-0.091804
-0.094779
0.021849
0.018875
0.263079
0.260104
0.257130
0.014950
0.011976
0.009001
0.006027
-0.213229
-0.216203
-0.323830
-0.326805
-0.329779
-0.332754
-0.335728
-0.091524
-0.094499
-0.097473
-0.100448
-0.103422
-0.106397
-0.325652
-0.209024
-0.211999
-0.214973
-0.217948
-0.220922
-0.223897
0.020307
0.017333
0.014358
0.011384
0.008409
0.005435
-0.102192
-0.321447
-0.324422
-0.327396
-0.330371
-0.333345
-0.336320
-0.339294
-0.095091
-0.098065
-0.101040
0.015589
0.012614
0.009640
-0.209616
-0.212590
-0.215565
-0.218539
-0.221514
-0.224488
-0.227463
0.016741
0.013766
-0.093860
-0.096835
-0.099809
-0.102784
-0.105758
-0.325014
-0.327988
-0.330963
-0.333937
-0.336912
-0.339886
