-0.084197
-0.085141
-0.086084
-0.087028
-0.087971
-0.088915
-0.089858
-0.090802
-0.091745
-0.092689
-0.991508
-0.992451
-0.993395
-0.994338
-0.995282
-0.996225
-0.997169
-0.998113
-0.999056
-1.000000
0.025200
0.024256
0.023312
0.022369
0.021425
0.020482
0.019538
0.018595
0.017651
0.016708
-0.882111
-0.883055
-0.883998
-0.884942
-0.885885
-0.886829
-0.887773
-0.888716
-0.889660
-0.890603
0.134596
0.133653
0.132709
0.131766
0.130822
0.129878
0.128935
0.127991
0.127048
0.126104
-0.772715
-0.773658
-0.774602
-0.775545
-0.776489
-0.777432
-0.778376
-0.779319
-0.780263
-0.781207
0.243993
0.243049
0.242106
0.241162
0.620486
0.619543
0.618599
0.617656
0.616712
-0.282107
-0.283050
-0.283994
-0.284937
-0.285881
-0.286824
-0.287768
-0.288712
-0.289655
-0.290599
0.734601
0.733657
0.732714
0.731770
0.730826
0.729883
0.728939
0.727996
0.727052
0.726109
-0.172710
-0.173653
-0.174597
-0.175541
-0.176484
-0.177428
-0.178371
-0.179315
-0.180259
-0.181202
0.843997
0.843054
0.842110
0.841167
0.840223
0.839280
0.838336
0.837392
0.836449
0.835505
-0.063313
-0.064257
-0.065201
-0.066144
-0.067088
-0.068031
-0.068975
-0.069918
-0.070862
-0.071805
0.953394
0.952450
0.951507
0.950563
0.949620
0.948676
0.947733
0.946789
0.945845
-0.047027
-0.945845
-0.946789
-0.947732
-0.948676
-0.949620
-0.950563
-0.951507
-0.952450
-0.953394
0.071806
0.070862
0.069918
0.068975
0.068031
0.067088
0.066144
0.065201
0.064257
0.063313
-0.835505
-0.836449
-0.837392
-0.838336
-0.839279
-0.840223
-0.841166
-0.842110
-0.843054
-0.843997
0.181202
0.180259
0.179315
0.178371
0.177428
0.176484
0.175541
0.174597
0.173654
0.172710
-0.726108
-0.727052
-0.727996
-0.728939
-0.729883
-0.730826
-0.731770
-0.732713
-0.733657
-0.734601
0.290599
0.289655
0.288712
0.287768
0.286825
0.285881
0.284937
0.283994
0.283050
0.282107
-0.616712
-0.617656
-0.618599
-0.619543
-0.240218
-0.241162
-0.242106
-0.243049
-0.243993
0.781207
0.780263
0.779320
0.778376
0.777432
0.776489
0.775545
0.774602
0.773658
0.772715
-0.126104
-0.127048
-0.127991
-0.128935
-0.129878
-0.130822
-0.131765
-0.132709
-0.133653
-0.134596
0.890603
0.889660
0.888716
0.887773
0.886829
0.885885
0.884942
0.883998
0.883055
0.882111
-0.016707
-0.017651
-0.018595
-0.019538
-0.020482
-0.021425
-0.022369
-0.023312
-0.024256
-0.025199
1.000000
0.999056
0.998113
0.997169
0.996226
0.995282
0.994338
0.993395
0.992451
0.991508
0.092689
0.091746
0.090802
0.089858
0.088915
0.087971
0.087028
0.086084
0.085141
