0.331097
0.273276
0.215454
0.157633
0.099811
0.041990
-0.015831
-0.073653
-0.131474
-0.189295
-0.826536
-0.884357
-0.942178
-1.000000
-0.286959
-0.344780
-0.402602
-0.460423
-0.518244
-0.576065
0.028307
-0.029515
-0.087336
-0.145158
-0.202979
-0.260800
-0.318621
0.394420
0.336598
0.278777
-0.358464
-0.416285
-0.474107
-0.531928
-0.589749
-0.647571
-0.705392
-0.763213
-0.821034
-0.878856
-0.274484
0.438557
0.380736
0.322915
0.265093
0.207272
0.149451
0.091629
0.033808
-0.024014
-0.661254
-0.719076
-0.776897
-0.834718
-0.121677
-0.179498
-0.237320
-0.295141
-0.352963
-0.410784
0.193588
0.135767
0.077946
0.020124
0.207698
0.149877
0.092056
0.034234
0.747275
0.110035
0.052213
-0.005608
-0.063429
-0.121250
-0.179072
-0.236894
-0.294715
-0.352536
-0.410357
0.194015
0.136194
0.849235
0.791413
0.733592
0.675770
0.617949
0.560128
0.502307
0.444485
-0.192756
-0.250577
-0.308398
-0.366220
-0.424041
-0.481862
0.231179
0.173357
0.115536
0.057715
0.662087
0.604266
0.546444
0.488623
0.430801
0.372980
0.315159
0.257338
0.199516
0.912557
0.275316
0.217495
0.159674
0.101852
0.044031
-0.013790
-0.071612
-0.129433
-0.187254
-0.245076
0.359296
0.301475
0.243654
0.956695
0.898874
0.841052
0.783231
0.725409
0.667588
-0.030347
-0.667588
-0.725409
-0.783231
-0.841052
-0.898874
-0.956695
-0.243654
-0.301475
-0.359296
0.245076
0.187255
0.129433
0.071612
0.013790
-0.044031
-0.101852
-0.159674
-0.217495
-0.275316
-0.912557
-0.199516
-0.257338
-0.315159
-0.372980
-0.430801
-0.488623
-0.546444
-0.604265
-0.662087
-0.057715
-0.115536
-0.173357
-0.231179
0.481862
0.424041
0.366220
0.308398
0.250577
0.192756
-0.444485
-0.502307
-0.560128
-0.617949
-0.675770
-0.733592
-0.791413
-0.849234
-0.136193
-0.194015
0.410357
0.352536
0.294715
0.236894
0.179072
0.121251
0.063429
0.005608
-0.052213
-0.110035
-0.747275
-0.034234
-0.092056
-0.149877
0.037697
-0.020124
-0.077946
-0.135767
-0.193588
0.410784
0.352963
0.295141
0.237320
0.179498
0.121677
0.834718
0.776897
0.719076
0.661254
0.024014
-0.033808
-0.091629
-0.149450
-0.207272
-0.265093
-0.322915
-0.380736
-0.438557
0.274484
0.878856
0.821035
0.763213
0.705392
0.647571
0.589749
0.531928
0.474107
0.416285
0.358464
-0.278777
-0.336598
-0.394420
0.318621
0.260800
0.202979
0.145158
0.087336
0.029515
-0.028307
0.576065
0.518244
0.460423
0.402602
0.344780
0.286959
1.000000
0.942178
0.884357
0.826536
0.189295
0.131474
0.073653
0.015831
-0.041990
-0.099811
-0.157633
-0.215454
-0.273276
