0.119814
0.159511
0.206144
0.260680
0.321642
0.385098
0.445173
0.494976
0.601898
0.612591
0.524462
0.486422
0.428730
0.358905
0.286694
0.222665
0.094119
0.073270
0.081215
0.191011
0.248808
0.318935
0.333260
0.389694
0.494456
0.490389
0.447395
0.367129
0.183139
0.056409
-0.070674
-0.180242
-0.331313
-0.359290
-0.332541
-0.250746
-0.121016
0.116867
0.295830
0.468430
0.687540
0.787093
0.829103
0.864821
0.786998
0.663347
0.438323
0.282567
0.062886
-0.034927
-0.077876
-0.058225
0.022828
0.155191
0.321157
0.571867
0.808231
0.932553
1.000000
0.999067
0.927331
0.791873
0.608376
0.399034
0.058139
-0.199901
-0.336140
-0.408967
-0.411302
-0.345568
-0.223268
-0.063308
0.184767
0.347792
0.550986
0.628495
0.644302
0.597213
0.494965
0.353010
0.109789
-0.046459
-0.175693
-0.333451
-0.359516
-0.323914
-0.175389
-0.037293
0.202180
0.373690
0.529791
0.651569
0.799246
0.817564
0.780926
0.696717
0.502290
0.365883
0.229621
0.109967
0.019765
-0.107431
-0.121813
-0.101619
0.018223
0.077361
0.136493
0.127494
0.151918
0.148426
0.190081
0.132289
-0.026006
-0.110146
-0.192005
-0.261828
-0.312090
-0.338451
-0.340140
-0.393817
-0.282450
-0.234941
-0.184095
-0.135782
-0.093924
-0.059994
-0.033014
-0.010051
-0.041060
0.059994
0.093924
0.135782
0.184095
0.234941
0.282451
0.319744
0.414215
0.412526
0.312090
0.261828
0.192004
0.110146
0.026006
-0.049839
-0.190082
-0.222501
-0.225993
-0.127494
-0.080845
-0.021714
-0.018223
0.027544
0.121812
0.107431
0.054309
-0.035893
-0.229622
-0.365884
-0.502291
-0.620968
-0.780926
-0.817564
-0.799246
-0.725644
-0.603865
-0.373689
-0.202179
-0.036779
0.175392
0.268267
0.303868
0.333451
0.249766
0.120533
-0.109791
-0.270562
-0.494965
-0.597213
-0.644302
-0.628495
-0.550985
-0.421865
-0.258839
-0.010767
0.223268
0.345569
0.411302
0.408967
0.336139
0.199899
0.015936
-0.193564
-0.608379
-0.791875
-0.927333
-0.999068
-0.999999
-0.932553
-0.808231
-0.645941
-0.395230
-0.229263
-0.022827
0.058227
0.077876
0.034927
-0.062887
-0.200118
-0.438325
-0.589274
-0.712926
-0.864821
-0.884750
-0.842741
-0.687539
-0.542502
-0.295827
-0.116867
0.046941
0.176672
0.332541
0.359290
0.331313
0.255991
0.070674
-0.056409
-0.183138
-0.293055
-0.373320
-0.490389
-0.494456
-0.463768
-0.333260
-0.263287
-0.193160
-0.191010
-0.155290
-0.147345
-0.094120
-0.140216
-0.286695
-0.358906
-0.428731
-0.486422
-0.524461
-0.538515
-0.527823
-0.569050
-0.445172
-0.385098
-0.321641
-0.260680
-0.206143
-0.159511
-0.119813
-0.084125
