-0.239989
-0.234074
-0.227672
-0.220824
-0.213851
-0.207343
-0.202100
-0.199007
-0.198891
-0.202361
-0.209672
-0.220638
-0.234607
-0.250516
-0.267008
-0.282613
-0.737405
-0.747402
-0.753438
-0.314019
-0.312588
-0.308759
-0.303958
-0.299756
-0.297614
-0.298647
-0.303413
-0.311797
-0.322991
-0.335576
-0.347715
-0.357415
-0.804277
-0.803993
-0.797295
-0.784312
-0.766052
-0.302871
-0.280060
-0.258843
-0.241816
-0.231142
-0.228235
0.098091
0.085177
0.066269
0.043782
0.020629
-0.441617
-0.457331
-0.465908
-0.466246
-0.458347
-0.443324
-0.423245
0.040601
0.062284
0.080361
0.092472
0.097125
0.093902
0.083514
0.067697
0.048967
-0.351295
-0.367054
-0.377348
-0.380438
-0.375614
-0.363295
-0.344973
-0.323006
-0.300290
-0.279854
0.177015
0.185345
0.185475
0.177401
0.162226
0.142005
-0.321988
-0.343830
-0.362060
-0.374261
-0.378822
-0.375136
-0.032016
-0.014145
0.007948
0.031665
0.054333
0.073559
0.528990
0.536713
0.538050
0.533720
0.083678
0.072672
0.061247
0.051237
0.044061
0.040527
0.040749
0.044167
0.049667
0.055786
0.060952
0.063738
0.063081
0.058435
0.491297
0.479378
0.023759
0.008718
-0.005727
-0.018221
-0.027700
-0.033515
-0.035479
-0.033849
-0.029234
-0.022462
-0.014421
-0.005909
0.002481
0.010428
0.017889
0.025045
-0.459166
-0.010254
-0.002307
0.006083
0.014595
0.022636
0.029408
0.034022
0.035652
0.033688
0.027874
0.018394
0.005900
-0.008544
-0.023586
-0.037754
-0.491123
-0.499713
-0.504358
-0.063565
-0.060778
-0.055612
-0.049493
-0.043993
-0.040576
-0.040354
-0.043888
-0.051064
-0.061073
-0.072499
-0.083504
-0.092096
-0.537877
-0.536539
-0.528816
-0.514836
-0.495610
-0.031491
-0.007774
0.014319
0.032190
0.043676
0.047362
0.374434
0.362234
0.344004
0.322161
0.299619
-0.162052
-0.177227
-0.185301
-0.185171
-0.176841
-0.161423
-0.140987
0.323179
0.345146
0.363469
0.375788
0.380612
0.377521
0.367228
0.351468
0.332757
-0.067524
-0.083340
-0.093729
-0.096952
-0.092298
-0.080187
-0.062111
-0.040427
-0.018032
0.002047
0.458520
0.466419
0.466082
0.457505
0.441790
0.420994
-0.043609
-0.066095
-0.085004
-0.097917
-0.103225
-0.100318
0.241989
0.259017
0.280234
0.303044
0.324775
0.343034
0.797469
0.804166
0.804450
0.799039
0.347889
0.335750
0.323164
0.311971
0.303586
0.298821
0.297788
0.299929
0.304132
0.308933
0.312762
0.314192
0.312161
0.306125
0.737578
0.724237
0.267181
0.250689
0.234781
0.220811
0.209845
0.202535
0.199065
0.199180
0.202273
0.207517
0.214024
0.220998
0.227846
0.234248
0.240162
0.245771
