0.177676
0.372005
0.593979
0.844412
1.111608
1.371727
1.591928
1.735838
1.770423
1.673054
1.437443
1.077284
0.626776
0.137688
-0.326786
-0.700557
-0.924352
-0.955085
-0.773421
-0.388234
0.162842
0.817027
1.493758
2.104863
2.566089
2.808376
2.787230
2.488847
1.932138
1.166322
0.264547
-0.685615
-1.593330
-2.375801
-2.968065
-3.330079
-3.450129
-3.344352
-3.052583
-2.631373
-2.145311
-1.657995
-1.223978
-0.882730
-0.655333
-0.544102
-0.534938
-0.601735
-0.711992
-0.832582
-0.934819
-0.998086
-1.011631
-0.974501
-0.893910
-0.782524
-0.655357
-0.526867
-0.408810
-0.309098
-0.231744
-0.177675
-0.146055
-0.135692
-0.146055
-0.177674
-0.231743
-0.309098
-0.408810
-0.526867
-0.655356
-0.782525
-0.893910
-0.974500
-1.011628
-0.998085
-0.934818
-0.832582
-0.711992
-0.601735
-0.534939
-0.544103
-0.655337
-0.882735
-1.223980
-1.657996
-2.145313
-2.631376
-3.052583
-3.344352
-3.450129
-3.330077
-2.968064
-2.375795
-1.593324
-0.685613
0.264551
1.166327
1.932136
2.488848
2.787228
2.808375
2.566088
2.104859
1.493753
0.817027
0.162841
-0.388238
-0.773421
-0.955085
-0.924350
-0.700555
-0.326786
0.137690
0.626780
1.077282
1.437441
1.673054
1.770423
1.735840
1.591929
1.371727
1.111608
0.844411
0.593978
0.372005
0.177672
-0.000003
-0.177678
-0.372006
-0.593980
-0.844413
-1.111611
-1.371729
-1.591931
-1.735839
-1.770422
-1.673054
-1.437441
-1.077280
-0.626776
-0.137685
0.326790
0.700557
0.924352
0.955085
0.773420
0.388236
-0.162843
-0.817030
-1.493762
-2.104867
-2.566094
-2.808377
-2.787231
-2.488848
-1.932134
-1.166320
-0.264541
0.685621
1.593333
2.375804
2.968062
3.330079
3.450128
3.344354
3.052578
2.631371
2.145304
1.657998
1.223977
0.882729
0.655330
0.544097
0.534934
0.601734
0.711994
0.832585
0.934821
0.998089
1.011633
0.974503
0.893909
0.782526
0.655357
0.526866
0.408808
0.309096
0.231743
0.177674
0.146056
0.135692
0.146056
0.177675
0.231746
0.309098
0.408810
0.526869
0.655358
0.782528
0.893911
0.974502
1.011632
0.998088
0.934815
0.832578
0.711988
0.601733
0.534936
0.544104
0.655338
0.882731
1.223978
1.657998
2.145314
2.631378
3.052590
3.344352
3.450130
3.330078
2.968062
2.375794
1.593322
0.685603
-0.264544
-1.166323
-1.932137
-2.488849
-2.787231
-2.808374
-2.566083
-2.104867
-1.493762
-0.817028
-0.162842
0.388235
0.773421
0.955085
0.924354
0.700559
0.326786
-0.137691
-0.626783
-1.077293
-1.437451
-1.673055
-1.770423
-1.735837
-1.591927
-1.371726
-1.111606
-0.844407
-0.593977
-0.372004
-0.177670
0.000005
