0.289568
0.553062
0.767862
0.917725
0.994734
0.999999
0.943019
0.839849
0.710393
0.575287
0.452874
0.356757
0.294290
0.266209
0.267376
0.288465
0.318205
0.345773
0.362852
0.365029
0.352258
0.328382
0.299804
0.273649
0.255782
0.249118
0.252589
0.261013
0.265936
0.257296
0.225654
0.164533
0.072418
-0.046007
-0.179702
-0.312309
-0.424291
-0.495885
-0.510397
-0.457292
-0.334529
-0.149697
0.080309
0.331130
0.574048
0.779950
0.923539
0.987122
0.963394
0.856708
0.682623
0.465743
0.236155
0.025000
-0.140136
-0.239309
-0.263113
-0.213945
-0.105421
0.039968
0.194587
0.330183
0.422494
0.455182
0.422494
0.330183
0.194587
0.039968
-0.105422
-0.213946
-0.263113
-0.239309
-0.140136
0.025001
0.236156
0.465744
0.682623
0.856708
0.963394
0.987122
0.923538
0.779951
0.574047
0.331129
0.080309
-0.149698
-0.334530
-0.457293
-0.510398
-0.495885
-0.424290
-0.312309
-0.179702
-0.046006
0.072419
0.164533
0.225655
0.257296
0.265936
0.261013
0.252588
0.249118
0.255782
0.273649
0.299803
0.328382
0.352258
0.365029
0.362852
0.345773
0.318206
0.288464
0.267376
0.266209
0.294291
0.356756
0.452874
0.575288
0.710395
0.839850
0.943020
1.000000
0.994735
0.917725
0.767861
0.553060
0.289566
-0.000002
-0.289571
-0.553062
-0.767863
-0.917725
-0.994735
-0.999999
-0.943019
-0.839848
-0.710392
-0.575286
-0.452873
-0.356756
-0.294290
-0.266208
-0.267375
-0.288464
-0.318205
-0.345773
-0.362853
-0.365029
-0.352259
-0.328381
-0.299805
-0.273650
-0.255783
-0.249118
-0.252589
-0.261013
-0.265935
-0.257296
-0.225655
-0.164533
-0.072417
0.046008
0.179702
0.312308
0.424292
0.495884
0.510398
0.457291
0.334527
0.149699
-0.080308
-0.331129
-0.574048
-0.779952
-0.923540
-0.987123
-0.963394
-0.856708
-0.682623
-0.465743
-0.236154
-0.024999
0.140137
0.239309
0.263113
0.213946
0.105420
-0.039969
-0.194588
-0.330185
-0.422493
-0.455182
-0.422494
-0.330183
-0.194586
-0.039968
0.105422
0.213945
0.263113
0.239309
0.140135
-0.025002
-0.236157
-0.465746
-0.682624
-0.856709
-0.963396
-0.987123
-0.923539
-0.779949
-0.574044
-0.331130
-0.080309
0.149699
0.334531
0.457294
0.510398
0.495885
0.424291
0.312309
0.179702
0.046006
-0.072419
-0.164534
-0.225654
-0.257296
-0.265935
-0.261013
-0.252588
-0.249118
-0.255783
-0.273650
-0.299804
-0.328382
-0.352259
-0.365030
-0.362853
-0.345773
-0.318204
-0.288463
-0.267375
-0.266208
-0.294291
-0.356758
-0.452876
-0.575287
-0.710394
-0.839850
-0.943021
-1.000001
-0.994734
-0.917724
-0.767861
-0.553060
-0.289564
0.000005
