0.453657
0.453657
0.453657
0.453657
0.453657
0.453657
0.453657
0.453657
0.696476
0.947200
0.499821
0.499821
0.052441
0.052441
0.052441
0.173851
-0.068968
-0.068968
-0.319692
-0.137578
0.309802
0.309802
0.309802
0.552620
1.000000
1.000000
0.803344
0.803344
0.803344
0.681935
0.234555
-0.008264
-0.008264
-0.008264
-0.008264
-0.706367
-0.706367
-0.888481
-0.645662
-0.645662
-0.198283
-0.198283
-0.198283
-0.086991
-0.086991
-0.086991
-0.329810
0.117570
0.117570
0.117570
-0.329810
-0.329810
-0.133154
0.109665
0.109665
0.291778
0.291778
0.170369
0.170369
-0.277011
0.421093
0.178274
0.178274
0.178274
0.178274
0.178274
0.178274
0.178274
0.421093
-0.277011
0.170369
0.170369
0.291778
0.291778
0.109665
0.109665
-0.133154
-0.329810
-0.329810
0.117570
0.117570
0.117570
-0.329810
-0.086991
-0.086991
-0.086991
-0.198283
-0.198283
-0.198283
-0.645662
-0.645662
-0.888481
-0.706367
-0.706367
-0.008264
-0.008264
-0.008264
-0.008264
0.234555
0.681935
0.803344
0.803344
0.803344
1.000000
1.000000
0.552620
0.309802
0.309802
0.309802
-0.137578
-0.319692
-0.068968
-0.068968
0.173851
0.052441
0.052441
0.052441
0.499821
0.499821
0.947200
0.696476
0.453657
0.453657
0.453657
0.453657
0.453657
0.453657
0.453657
-0.439116
-0.453657
-0.453657
-0.453657
-0.453657
-0.453657
-0.453657
-0.453657
-0.696476
-0.947200
-0.499821
-0.499821
-0.052441
-0.052441
-0.052441
-0.173851
0.068968
0.068968
0.319692
0.137578
-0.309802
-0.309802
-0.309802
-0.552620
-1.000000
-1.000000
-0.803344
-0.803344
-0.803344
-0.681935
-0.234555
0.008264
0.008264
0.008264
0.008264
0.706367
0.706367
0.888481
0.645662
0.645662
0.198283
0.198283
0.198283
0.086991
0.086991
0.086991
0.329810
-0.117570
-0.117570
-0.117570
0.329810
0.329810
0.133154
-0.109665
-0.109665
-0.291778
-0.291778
-0.170369
-0.170369
0.277011
-0.421093
-0.178274
-0.178274
-0.178274
-0.178274
-0.178274
-0.178274
-0.178274
-0.421093
0.277011
-0.170369
-0.170369
-0.291778
-0.291778
-0.109665
-0.109665
0.133154
0.329810
0.329810
-0.117570
-0.117570
-0.117570
0.329810
0.086991
0.086991
0.086991
0.198283
0.198283
0.198283
0.645662
0.645662
0.888481
0.706367
0.706367
0.008264
0.008264
0.008264
0.008264
-0.234555
-0.681935
-0.803344
-0.803344
-0.803344
-1.000000
-1.000000
-0.552620
-0.309802
-0.309802
-0.309802
0.137578
0.319692
0.068968
0.068968
-0.173851
-0.052441
-0.052441
-0.052441
-0.499821
-0.499821
-0.947200
-0.696476
-0.453657
-0.453657
-0.453657
-0.453657
-0.453657
-0.453657
-0.453657
