0.517736
0.497834
0.477932
0.458031
0.438129
0.418227
0.398325
0.378423
0.355276
0.335375
0.315473
0.295571
0.275669
0.255767
0.133460
0.113558
0.223446
0.203544
0.183642
0.163740
0.077946
0.058044
0.038142
0.014995
0.343958
0.324057
0.312838
0.190531
0.170629
0.150727
0.130825
0.240713
0.220811
0.200909
0.181007
0.161105
0.141203
0.314989
0.291842
0.271940
0.186146
0.063839
0.043937
0.024035
0.004133
-0.015769
0.094119
0.423082
0.403180
0.383278
0.363376
0.343475
0.184654
0.161508
0.039201
0.019299
-0.000603
-0.020505
-0.040407
-0.060309
-0.146103
-0.036215
-0.056117
-0.076019
-0.095921
-0.115823
-0.135725
-0.155627
-0.281178
-0.301080
0.027883
0.007981
-0.011921
-0.031823
0.141963
0.122061
0.231948
0.220730
0.200827
0.115033
0.095131
-0.027176
-0.047078
-0.070224
-0.090126
-0.110028
0.136782
0.116880
0.096978
0.077076
0.057174
0.167062
0.147160
0.127258
0.456221
0.333915
0.314012
0.294111
0.270964
0.185170
0.165268
0.145366
0.125464
-0.033356
-0.053258
-0.073159
0.036728
0.016826
-0.105481
-0.125383
0.048402
0.028501
0.008599
-0.014548
-0.034450
-0.054352
-0.074254
0.254710
0.234808
0.149014
0.129112
0.239000
0.116692
0.096790
0.076888
0.056987
0.037085
0.017183
0.002719
-0.017183
-0.037085
-0.056987
-0.076888
-0.096790
-0.116692
-0.238999
-0.129112
-0.149014
-0.234808
-0.254710
0.074253
0.054352
0.034450
0.014548
-0.008599
-0.028501
-0.048402
0.125383
0.105481
-0.016826
-0.036728
0.073159
0.053258
0.033356
-0.125464
-0.145366
-0.165268
-0.185170
-0.270964
-0.294111
-0.314012
-0.333915
-0.456221
-0.127258
-0.147160
-0.167062
-0.057174
-0.077076
-0.096978
-0.116880
-0.136782
0.110028
0.090126
0.070224
0.047078
0.027176
-0.095131
-0.115033
-0.200827
-0.220730
-0.231948
-0.122061
-0.141963
0.031823
0.011921
-0.007981
-0.027883
0.301080
0.281178
0.155627
0.135725
0.115823
0.095921
0.076019
0.056117
0.036215
0.146103
0.060309
0.040407
0.020505
0.000603
-0.019299
-0.039201
-0.161508
-0.184654
-0.343475
-0.363376
-0.383278
-0.403180
-0.423082
-0.094119
0.015769
-0.004133
-0.024035
-0.043937
-0.063839
-0.186146
-0.271940
-0.291842
-0.314989
-0.141203
-0.161105
-0.181007
-0.200909
-0.220811
-0.240713
-0.130825
-0.150727
-0.170629
-0.190531
-0.312838
-0.324057
-0.343958
-0.014995
-0.038142
-0.058044
-0.077946
-0.163740
-0.183642
-0.203544
-0.223446
-0.113558
-0.133460
-0.255767
-0.275669
-0.295571
-0.315473
-0.335375
-0.355276
-0.378423
-0.398325
-0.418227
-0.438129
-0.458031
-0.477932
-0.497834
