1.207978
1.201826
1.195675
1.189523
1.183371
1.177219
1.171067
1.164915
1.158764
1.152612
1.146460
1.140308
1.134156
1.128004
1.121853
0.580591
0.574439
0.568287
0.562135
0.555983
0.549832
0.543680
0.537528
0.531376
0.525224
0.519072
-0.037054
-0.043206
-0.049358
0.556044
0.549893
0.543741
0.165985
0.159833
0.153681
0.147529
0.141378
0.135226
0.129074
0.122922
0.116770
0.110618
0.104466
-1.094069
-1.100220
-1.106372
-1.112524
-1.118676
-1.124828
-1.130980
-1.137131
-1.143283
-0.520893
-0.527044
-0.533196
-0.539348
-0.545500
0.059902
0.053751
0.047599
0.041447
0.035295
0.029143
0.022991
0.441530
0.435378
0.429226
0.423074
0.416922
0.410771
0.404619
0.398467
-0.142795
-0.148947
-0.155099
-0.161250
-0.167402
-0.723529
-0.729681
-0.735833
-0.741984
-0.748136
-0.754288
-0.760440
-0.766592
-0.772744
0.583828
0.577676
0.571525
0.565373
0.559221
0.553069
0.546917
0.540765
0.534614
0.528462
0.150706
0.144554
0.138402
0.132250
-0.409011
-0.415163
-0.421315
0.201076
0.194924
0.188772
0.182620
0.176468
0.170317
0.164165
0.158013
0.151861
0.145709
0.139557
0.744960
0.738808
0.732656
0.726504
0.720352
0.714201
0.708049
0.701897
0.695745
0.689593
0.683441
0.677289
0.671138
0.664986
-0.658834
-0.664986
-0.671138
-0.677289
-0.683441
-0.689593
-0.695745
-0.701897
-0.708049
-0.714201
-0.720352
-0.726504
-0.732656
-0.738808
-0.744960
-0.139557
-0.145709
-0.151861
-0.158013
-0.164165
-0.170317
-0.176468
-0.182620
-0.188772
-0.194924
-0.201076
0.421315
0.415163
0.409011
-0.132250
-0.138402
-0.144554
-0.522310
-0.528462
-0.534614
-0.540765
-0.546917
-0.553069
-0.559221
-0.565373
-0.571525
-0.577676
-0.583828
0.772744
0.766592
0.760440
0.754288
0.748136
0.741984
0.735833
0.729681
0.723529
0.167402
0.161250
0.155099
0.148947
0.142795
-0.398467
-0.404619
-0.410771
-0.416922
-0.423074
-0.429226
-0.435378
-0.016840
-0.022991
-0.029143
-0.035295
-0.041447
-0.047599
-0.053751
-0.059902
0.545500
0.539348
0.533196
0.527044
0.520893
1.143283
1.137131
1.130980
1.124828
1.118676
1.112524
1.106372
1.100220
1.094069
-0.104466
-0.110618
-0.116770
-0.122922
-0.129074
-0.135226
-0.141378
-0.147529
-0.153681
-0.159833
-0.537589
-0.543741
-0.549893
-0.556044
0.049358
0.043206
0.037054
-0.519072
-0.525224
-0.531376
-0.537528
-0.543680
-0.549832
-0.555983
-0.562135
-0.568287
-0.574439
-0.580591
-1.121853
-1.128004
-1.134156
-1.140308
-1.146460
-1.152612
-1.158764
-1.164915
-1.171067
-1.177219
-1.183371
-1.189523
-1.195675
-1.201826
