0.156844
0.309880
0.422337
0.483143
0.490194
0.450336
0.377598
0.239094
0.155140
0.089712
0.051574
0.041960
-0.015379
0.009010
0.082418
0.090772
0.077276
0.040528
-0.014001
0.203084
0.149838
0.067717
0.069278
0.107707
0.249554
0.342710
0.376896
0.509727
0.557321
0.557068
0.503303
0.399638
0.258502
0.098959
-0.107759
-0.308721
-0.397751
-0.714419
-0.702303
-0.647897
-0.565717
-0.422205
-0.335902
-0.247115
-0.203920
-0.183866
-0.179281
-0.108210
-0.149889
-0.122313
-0.072101
-0.001756
0.142768
0.220671
0.329969
0.632231
0.612423
0.546596
0.441133
0.239870
0.102951
-0.069595
-0.156729
-0.196247
-0.261157
-0.200657
-0.105593
0.005012
0.160882
0.240605
0.351388
0.346280
0.297785
0.215610
-0.163713
-0.318494
-0.410673
-0.545222
-0.593021
-0.621661
-0.640832
-0.611883
-0.718683
-0.777256
-0.859236
-0.958703
-1.084338
-1.177341
-1.292336
-1.312829
-1.281467
-1.198288
-0.794023
-0.641551
-0.413658
-0.222201
-0.117880
-0.062151
-0.058629
-0.101657
-0.177660
-0.268005
-0.403762
-0.402400
-0.430006
-0.489875
-0.445567
-0.378033
-0.250581
-0.179621
-0.403611
-0.371701
-0.360713
-0.362921
-0.366256
-0.408375
-0.376199
-0.244509
-0.155226
-0.046857
0.065586
0.163683
0.280256
0.299262
0.264770
0.178817
0.052415
-0.096217
-0.330600
-0.178818
-0.264770
-0.299262
-0.280256
-0.214660
-0.116563
0.046858
0.155226
0.244509
0.305884
0.338061
0.417234
0.413898
0.360713
0.371701
0.403612
0.457804
0.528764
0.327056
0.394590
0.489875
0.500320
0.472714
0.340477
0.255700
0.228637
0.101657
0.058629
0.062151
0.117881
0.222202
0.362681
0.520261
0.723708
0.920105
1.003284
1.312828
1.292336
1.228317
1.135315
0.979797
0.880330
0.777256
0.718682
0.682197
0.660168
0.570682
0.593021
0.545222
0.473956
0.381776
0.214690
0.113549
-0.019604
-0.346279
-0.351388
-0.310919
-0.231195
-0.055988
0.054617
0.200658
0.261157
0.273977
0.156729
0.069594
-0.051976
-0.188895
-0.370822
-0.476282
-0.612423
-0.632231
-0.608151
-0.549830
-0.193743
-0.061525
0.008817
0.122313
0.149890
0.159188
0.159945
0.113553
0.203921
0.247115
0.314808
0.401112
0.514739
0.596920
0.702304
0.714419
0.675934
0.586904
0.178072
0.022332
-0.207527
-0.399639
-0.503303
-0.557068
-0.557321
-0.509726
-0.427873
-0.330404
-0.186270
-0.178022
-0.139593
-0.067717
-0.098861
-0.152108
-0.264183
-0.318712
-0.077276
-0.090772
-0.082418
-0.059988
-0.035599
0.028353
0.018739
-0.089711
-0.155139
-0.239094
-0.326620
-0.399359
-0.490194
-0.483142
-0.422337
-0.309879
-0.156842
0.018488
