0.074654
0.147137
0.215369
0.277446
0.331723
0.376876
0.411953
0.436407
0.450113
0.453357
0.446816
0.431513
0.408760
0.380084
0.347155
0.311696
0.275400
0.239852
0.206455
0.176368
0.150461
0.129284
0.113056
0.101668
0.094713
0.091519
0.091208
0.092756
0.095068
0.097052
0.097691
0.096109
0.091637
0.083850
0.072607
0.058060
0.040651
0.021095
0.000334
-0.020507
-0.040189
-0.057437
-0.071008
-0.079778
-0.082813
-0.079435
-0.069273
-0.052304
-0.028872
0.000313
0.034194
0.071411
0.110353
0.149236
0.186190
0.219351
0.246957
0.267447
0.279549
0.282358
0.275391
0.258638
0.232578
0.198170
0.156828
0.110367
0.060928
0.010882
-0.037275
-0.081044
-0.118041
-0.146126
-0.163500
-0.168824
-0.161283
-0.140651
-0.107316
-0.062286
-0.007157
0.055947
0.124457
0.195469
0.265878
0.332515
0.392300
0.442395
0.480343
0.504204
0.512658
0.505094
0.481662
0.443286
0.391655
0.329163
0.258821
0.184145
0.109000
0.037437
-0.026486
-0.078894
-0.116278
-0.135668
-0.134786
-0.112179
-0.067308
-0.000612
0.086480
0.191573
0.311374
0.441805
0.578141
0.715196
0.847511
0.969588
1.076093
1.162089
1.223241
1.256005
1.257779
1.227033
1.163385
1.067634
0.941754
0.788821
0.612919
0.418992
0.212658
-0.000001
-0.212660
-0.418993
-0.612921
-0.788822
-0.941755
-1.067636
-1.163386
-1.227033
-1.257779
-1.256004
-1.223241
-1.162088
-1.076092
-0.969587
-0.847511
-0.715195
-0.578141
-0.441804
-0.311373
-0.191572
-0.086479
0.000613
0.067308
0.112179
0.134786
0.135668
0.116278
0.078894
0.026485
-0.037437
-0.109000
-0.184146
-0.258822
-0.329163
-0.391655
-0.443286
-0.481662
-0.505094
-0.512658
-0.504203
-0.480343
-0.442395
-0.392300
-0.332514
-0.265878
-0.195469
-0.124456
-0.055946
0.007157
0.062286
0.107316
0.140650
0.161283
0.168824
0.163500
0.146125
0.118041
0.081043
0.037274
-0.010883
-0.060929
-0.110368
-0.156828
-0.198170
-0.232579
-0.258639
-0.275391
-0.282358
-0.279550
-0.267447
-0.246957
-0.219351
-0.186191
-0.149236
-0.110352
-0.071410
-0.034195
-0.000313
0.028872
0.052304
0.069272
0.079435
0.082814
0.079778
0.071008
0.057437
0.040190
0.020506
-0.000334
-0.021095
-0.040651
-0.058060
-0.072608
-0.083851
-0.091636
-0.096109
-0.097691
-0.097052
-0.095068
-0.092756
-0.091208
-0.091520
-0.094714
-0.101668
-0.113056
-0.129284
-0.150461
-0.176369
-0.206456
-0.239853
-0.275400
-0.311695
-0.347155
-0.380084
-0.408760
-0.431514
-0.446816
-0.453357
-0.450113
-0.436407
-0.411953
-0.376876
-0.331723
-0.277445
-0.215369
-0.147137
-0.074654
0.000001
