0.419481
0.481564
0.526942
0.550180
0.548887
0.524027
0.479774
0.422910
0.168877
0.112596
-0.123767
-0.147908
-0.149243
-0.127355
-0.085009
-0.027724
0.230033
0.293908
0.348825
0.581091
0.600280
0.597796
0.575013
0.536012
0.293939
0.242104
0.194931
0.158928
-0.054175
-0.056018
-0.039855
-0.008414
0.226587
0.273168
0.317988
0.355239
0.380433
0.583969
0.579389
0.561338
0.340199
0.306522
0.272291
0.242186
0.219933
0.207826
0.013496
0.021954
0.230855
0.250965
0.271737
0.289874
0.302832
0.309150
0.308583
0.495032
0.291265
0.278541
0.266140
0.255946
0.249121
0.245926
0.245737
0.247218
0.323798
0.130441
0.126970
0.119758
0.109068
0.096060
0.082620
0.071030
-0.129457
-0.131065
0.067106
0.078809
0.095585
0.114891
0.133432
0.147658
0.347342
0.344137
0.330053
0.112724
0.080447
0.043947
0.007906
-0.022688
-0.236290
-0.243510
-0.235704
-0.213325
0.014027
0.055862
0.099376
0.138229
0.359447
0.372309
0.367090
0.343541
0.304020
0.060259
0.004773
-0.048014
-0.283794
-0.310412
-0.316790
-0.301547
-0.266282
-0.215414
0.037365
0.097980
0.344082
0.382205
0.399832
0.394202
0.365733
0.318015
0.257350
-0.001092
-0.255386
-0.304088
-0.333412
-0.339184
-0.320435
-0.279555
-0.221974
-0.155424
0.028973
0.279555
0.320435
0.339185
0.333412
0.304088
0.255386
0.194093
-0.064349
-0.125014
-0.365733
-0.394202
-0.399832
-0.382205
-0.344082
-0.290981
-0.037365
0.022413
0.073281
0.301547
0.316790
0.310412
0.283793
0.241015
-0.004774
-0.060259
-0.111019
-0.150540
-0.367090
-0.372309
-0.359447
-0.331230
-0.099376
-0.055862
-0.014027
0.020323
0.042702
0.243510
0.236290
0.215689
-0.007907
-0.043947
-0.080447
-0.112724
-0.137052
-0.151136
-0.347342
-0.340659
-0.133432
-0.114891
-0.095585
-0.078809
-0.067106
-0.061937
-0.063544
0.121972
-0.082620
-0.096060
-0.109068
-0.119758
-0.126970
-0.130441
-0.130797
-0.129371
-0.245737
-0.245926
-0.249121
-0.255947
-0.266140
-0.278541
-0.291265
-0.302030
-0.501584
-0.502150
-0.302832
-0.289874
-0.271737
-0.250965
-0.230855
-0.214955
-0.013497
-0.014825
-0.026932
-0.242186
-0.272291
-0.306522
-0.340199
-0.368336
-0.579389
-0.583969
-0.573435
-0.548240
-0.317988
-0.273168
-0.226587
-0.184587
0.039855
0.056018
0.054175
0.034073
-0.001930
-0.242105
-0.293940
-0.343010
-0.575013
-0.597796
-0.600280
-0.581091
-0.541826
-0.486909
-0.230034
-0.165277
0.085009
0.127355
0.149243
0.147908
0.123767
0.080406
0.024125
-0.229909
-0.479774
-0.524027
-0.548887
-0.550180
-0.526942
-0.481564
-0.419480
-0.348425
