0.031341
0.047896
0.064023
0.079513
0.094171
0.107813
0.120267
0.131384
0.141031
0.149099
0.155501
0.160176
0.163088
0.164229
0.163614
0.161288
0.157319
0.151799
0.144845
-0.096528
-0.105921
-0.116282
0.105698
0.093973
0.081872
0.069606
0.057391
0.045436
0.033952
0.023139
0.013185
0.004267
-0.003454
-0.009837
-0.014763
-0.018132
-0.019871
0.213191
0.214833
0.218173
0.223181
0.229802
0.237956
0.014415
0.025297
0.037333
0.050358
0.064191
0.078638
0.093496
0.108553
0.123594
0.138405
0.152772
0.166489
-0.053763
-0.041928
-0.031299
-0.022029
-0.014254
-0.008087
-0.003616
-0.000907
0.000000
0.232214
0.229505
0.225035
0.218867
0.211092
0.201823
0.191193
0.179359
0.166489
0.152772
0.371526
0.356715
0.341674
0.326617
0.311760
0.297313
0.283480
0.270455
0.258419
0.247536
0.237955
0.229802
-0.009940
-0.014949
-0.018289
-0.019930
-0.019871
-0.018132
-0.247884
-0.242959
-0.236575
-0.228854
-0.219936
-0.209983
-0.199169
-0.187685
-0.175731
-0.163515
-0.151250
-0.139149
-0.127424
-0.116282
-0.105921
0.136594
0.144845
0.151799
0.390440
0.394410
0.396736
0.397350
0.396210
0.393297
0.388622
0.382220
0.374153
0.364506
0.353389
0.340934
0.327293
0.312635
0.297144
0.281018
0.264463
0.247691
-0.031341
-0.281018
-0.297144
-0.312635
-0.327293
-0.340934
-0.353389
-0.364506
-0.374153
-0.382220
-0.388622
-0.393297
-0.396210
-0.397350
-0.396736
-0.394410
-0.390440
-0.384920
-0.377966
-0.136593
-0.127201
-0.116840
0.127423
0.139148
0.151249
0.163515
0.175731
0.187685
0.199169
0.209983
0.219936
0.228854
0.236575
0.242959
0.247884
0.251253
0.252992
0.019931
0.018289
0.014949
0.009940
0.003319
-0.004834
-0.247537
-0.258419
-0.270455
-0.283480
-0.297313
-0.311760
-0.326617
-0.341674
-0.356716
-0.371526
-0.385894
-0.399611
-0.179359
-0.191193
-0.201823
-0.211092
-0.218867
-0.225035
-0.229505
-0.232214
-0.233121
0.000907
0.003616
0.008087
0.014254
0.022030
0.031299
0.041928
0.053763
0.066632
0.080349
-0.138405
-0.123594
-0.108553
-0.093496
-0.078638
-0.064191
-0.050358
-0.037333
-0.025297
-0.014415
-0.004834
0.003319
-0.223181
-0.218173
-0.214833
-0.213191
-0.213251
-0.214990
0.014763
0.009837
0.003454
-0.004268
-0.013185
-0.023139
-0.033952
-0.045437
-0.057391
-0.069607
-0.081872
-0.093973
-0.105698
-0.116840
-0.127201
0.096528
0.088276
0.081322
-0.157319
-0.161288
-0.163614
-0.164229
-0.163088
-0.160176
-0.155501
-0.149099
-0.141031
-0.131384
-0.120267
-0.107812
-0.094171
-0.079513
-0.064023
-0.047896
-0.031341
-0.014570
