0.165884
0.222235
0.279463
0.337836
0.397430
0.458090
0.519388
0.580620
0.640805
0.698708
0.752882
0.801721
0.843532
0.876609
0.899321
0.983534
0.908008
0.891839
0.861154
0.889183
0.829603
0.756565
0.598004
0.502284
0.398132
0.287909
0.100857
-0.013660
-0.126265
-0.307674
-0.408781
-0.500771
-0.581858
-0.650682
-0.706355
-0.748483
-0.777174
-0.866341
-0.870322
-0.863833
-0.848542
-0.826320
-0.799136
-0.695628
-0.664343
-0.633634
-0.604926
-0.579314
-0.630864
-0.613242
-0.599730
-0.589912
-0.509715
-0.504811
-0.500690
-0.422743
-0.416377
-0.480422
-0.467222
-0.449399
-0.426568
-0.398726
-0.366273
-0.330013
-0.217794
-0.177806
-0.138495
-0.101818
-0.069802
-0.044432
-0.027538
-0.020670
0.048331
0.032094
-0.069538
-0.109457
-0.159950
-0.292702
-0.358826
-0.428957
-0.573336
-0.641926
-0.704579
-0.757834
-0.798426
-0.823441
-0.757133
-0.744402
-0.710891
-0.656409
-0.581648
-0.488189
-0.305137
-0.182398
-0.050557
0.085919
0.222186
0.353213
0.473986
0.579722
0.739407
0.802651
0.839870
0.922429
0.902736
0.854321
0.778514
0.604415
0.482166
0.342807
0.118136
-0.039489
-0.270713
-0.422743
-0.636275
-0.759050
-0.859437
-0.933297
-0.977490
-0.990015
-0.970097
-0.918227
-0.836157
-0.726825
-0.594254
-0.443393
-0.279917
-0.110004
0.206582
0.443394
0.594256
0.726826
0.836158
0.918228
0.970097
0.990015
0.977490
0.933297
0.859437
0.759049
0.636274
0.496078
0.344048
0.112824
-0.118136
-0.269472
-0.408830
-0.604416
-0.705179
-0.780985
-0.902737
-0.922430
-0.913207
-0.875986
-0.739407
-0.653057
-0.547321
-0.353213
-0.222185
-0.085918
0.050558
0.182399
0.305137
0.414853
0.508313
0.656410
0.710891
0.744402
0.757133
0.750105
0.725089
0.757833
0.704578
0.641925
0.573334
0.502291
0.358826
0.292702
0.233286
0.182793
0.069538
0.041243
0.025005
-0.052666
-0.045798
0.044433
0.069803
0.101819
0.138496
0.177807
0.217794
0.256677
0.366273
0.398727
0.426569
0.449399
0.467223
0.480423
0.489714
0.496081
0.427355
0.431476
0.509716
0.516577
0.526393
0.613242
0.630864
0.652650
0.604926
0.633634
0.664343
0.695628
0.725800
0.752984
0.848541
0.863832
0.870322
0.866341
0.850511
0.821820
0.706354
0.650681
0.581858
0.500771
0.408781
0.307674
0.199602
0.086996
-0.100858
-0.214574
-0.324797
-0.502283
-0.598003
-0.683229
-0.756267
-0.889184
-0.934491
-0.965175
-0.908009
-0.910198
-0.972657
-0.949945
-0.843531
-0.801721
-0.752882
-0.698708
-0.640805
-0.580619
-0.519387
-0.458089
-0.397430
-0.337834
-0.279463
-0.222236
-0.165884
-0.110004
