-0.787822
-0.787822
0.012177
0.467593
0.467593
0.467593
0.467593
-0.091745
-0.413405
-0.601572
-0.601572
-0.601572
-0.601572
-0.732081
-0.732081
-0.732081
-0.732081
-0.732081
0.067918
0.523334
0.523334
0.523334
0.523334
-0.036003
-0.036003
-0.036003
-0.036003
-0.036003
-0.595341
-0.595341
-0.595341
-0.595341
-0.595341
0.204658
0.231246
0.231246
0.231246
0.231246
-0.328092
-0.328092
-0.328092
-0.328092
-0.328092
-0.458601
-0.458601
-0.458601
-0.458601
-0.458601
0.341398
0.796814
0.796814
0.796814
0.796814
0.237477
0.237477
0.237477
0.237477
0.237477
-0.562522
-0.750689
-0.750689
-0.750689
-0.750689
0.049310
0.504726
0.504726
0.504726
0.504726
-0.054612
-0.054612
-0.054612
-0.054612
-0.054612
-0.185121
-0.185121
-0.185121
-0.185121
-0.185121
0.614878
0.641466
0.641466
0.641466
0.641466
0.082128
0.082128
0.082128
0.082128
0.082128
-0.048381
-0.048381
-0.048381
-0.048381
-0.048381
-0.607719
-0.607719
-0.607719
-0.607719
-0.607719
0.192281
0.647696
0.647696
0.647696
0.647696
-0.152303
-0.340469
-0.340469
-0.340469
-0.340469
-0.899807
-0.899807
-0.899807
-0.899807
-0.899807
-0.099808
0.355608
0.355608
0.355608
0.355608
0.225099
0.225099
0.225099
0.225099
0.225099
-0.334239
-0.334239
-0.334239
-0.334239
-0.334239
0.465760
0.492348
0.492348
0.492348
0.492348
-0.066989
-0.066989
-0.066989
-0.066989
-0.066989
-0.626327
-0.626327
-0.626327
-0.626327
-0.626327
0.173672
0.629088
0.629088
0.629088
0.629088
0.498579
0.498579
0.498579
0.498579
0.498579
-0.301420
-0.489587
-0.489587
-0.489587
-0.489587
0.310412
0.765828
0.765828
0.765828
0.765828
0.206491
0.206491
0.206491
0.206491
0.206491
-0.352847
-0.352847
-0.352847
-0.352847
-0.352847
-0.912184
-0.912184
-0.912184
-0.912184
-0.912184
-0.112185
0.343231
0.343231
0.343231
0.343231
-0.216107
-0.216107
-0.216107
-0.216107
-0.216107
-0.775445
-0.775445
-0.775445
-0.775445
-0.775445
0.024554
0.479971
0.479971
0.479971
0.479971
-0.079367
-0.079367
-0.079367
-0.079367
-0.079367
-0.638705
-0.638705
-0.638705
-0.638705
-0.638705
0.161294
0.616711
0.616711
0.616711
0.616711
0.057373
0.057373
0.057373
0.057373
0.057373
-0.501965
-0.501965
-0.501965
-0.501965
-0.501965
0.298035
0.753451
0.753451
0.753451
0.753451
0.194113
0.194113
0.194113
0.194113
0.194113
-0.365224
-0.365224
-0.365224
-0.365224
-0.365224
-0.924562
-0.924562
-0.924562
-0.924562
-0.924562
-0.124563
0.330853
0.330853
0.330853
0.330853
-0.228485
-0.228485
-0.228485
-0.228485
-0.228485
-0.787822
-0.787822
-0.787822
