0.513736
-0.325470
0.607863
0.252307
-0.192137
0.963419
0.173784
0.884896
0.084896
-0.359549
-0.359549
-1.000000
0.050816
0.761926
-0.304740
0.184149
0.322721
-0.299500
0.011611
-0.788389
0.367167
-0.111358
-0.689136
0.421976
-0.511358
0.333086
-0.328341
-0.328341
0.338326
-0.683897
0.427215
-0.317975
-0.051310
0.526469
-0.317975
0.793136
0.092389
0.270166
1.000000
-0.440945
0.581278
0.808740
-0.524595
0.453184
-0.391260
-0.613483
0.996882
0.863549
0.507993
1.000000
-0.158674
0.385024
1.000000
0.918358
1.000000
1.000000
1.000000
1.000000
1.000000
0.923598
1.000000
0.235608
0.457830
1.000000
-0.208836
-0.253280
-1.000000
-1.000000
-1.000000
-1.000000
-1.000000
-1.000000
-1.000000
-1.000000
-0.650433
-0.917100
-1.000000
-0.240068
-1.000000
-0.417847
-0.462291
-0.945940
0.165171
-0.812606
-0.323718
0.609615
-0.446687
0.708868
1.000000
0.042203
1.000000
0.408122
0.319234
0.719234
-0.436322
0.363678
-0.297749
-0.919972
0.146696
-0.786637
-0.164416
0.112616
-0.598495
0.645949
-0.331828
0.157061
0.562300
-0.015477
0.517856
-0.371033
0.162300
-0.405114
-0.494003
-0.405114
-0.671780
-0.671780
-0.478511
-0.478511
-0.478511
-0.478511
-0.478511
-0.423702
-0.423702
-0.491740
-0.491740
0.086039
0.086039
-0.436930
-0.436930
-0.303596
0.229737
-0.436930
-1.000000
-0.622226
-0.400003
-1.000000
-0.444447
0.512008
0.023118
0.423118
0.956452
0.023118
0.833483
0.077927
0.122373
0.877927
-0.055406
0.349833
0.127612
-0.272388
1.000000
1.000000
1.000000
1.000000
1.000000
1.000000
1.000000
1.000000
-0.002874
0.397126
-0.713986
-1.000000
-0.690863
-1.000000
-1.000000
-0.957530
-1.000000
-1.000000
-1.000000
-1.000000
-0.013833
-0.902721
-0.554683
-0.554683
-0.954683
-0.154683
-0.643572
1.000000
0.535106
0.757327
1.000000
0.268439
0.083143
-0.983524
-0.983524
0.038699
-0.983524
-0.262047
-0.262047
-0.928714
0.537953
-0.395380
0.738852
1.000000
0.116630
0.649963
-0.283369
-0.335331
-0.424220
-1.000000
-0.024220
-0.779776
-0.089988
0.576679
-0.267765
0.665568
-0.178877
-0.453061
-0.408616
-0.986395
0.124717
-0.764172
-0.442697
0.357303
-0.442697
0.357303
0.535082
0.602648
1.000000
0.424869
0.691537
0.824870
-0.827091
-0.515981
-0.382647
-1.000000
-0.471537
-0.092859
-1.000000
0.084920
-0.448415
-0.848415
-0.100377
-0.989266
-0.500378
0.121845
-0.855932
0.221100
0.087767
-0.356678
0.843323
-0.178900
0.910889
1.000000
0.288666
1.000000
0.555333
-0.118852
0.147815
-0.785518
0.503371
0.592259
0.335957
0.780401
-0.464043
0.158180
