0.107273
0.107273
0.064486
0.107883
0.065554
0.108768
0.066866
0.109561
0.068361
0.110019
0.069643
0.110233
0.070711
0.110691
0.071932
0.111209
0.073305
0.111484
0.074496
0.111667
0.075564
0.112064
0.076754
0.112522
0.077975
0.112888
0.079134
0.113285
0.080264
0.113804
0.081484
0.114383
0.082766
0.114902
0.083987
0.115482
0.085299
0.116123
0.086703
0.116703
0.088137
0.117038
0.089389
0.117130
0.090487
0.117313
0.091739
0.117405
0.093204
0.117130
0.094668
0.116489
0.096164
0.115604
0.097812
0.114444
0.099582
0.112674
0.101169
0.110538
0.102573
0.108249
0.103946
0.106021
0.105441
0.103366
0.106601
0.100497
0.107364
0.097842
0.108097
0.095553
0.108921
0.093112
0.109470
0.090579
0.109531
0.088290
0.109439
0.086184
0.109165
0.083407
0.107883
0.082369
0.107883
0.083316
0.110385
0.085177
0.114750
0.086978
0.119541
0.085788
0.120548
0.077517
0.111179
0.091556
0.118900
0.094760
0.120212
0.080691
0.102420
0.076815
0.087802
0.099002
0.101871
0.106479
0.116245
0.089877
0.112583
0.089175
0.120670
0.089541
0.133244
0.072451
0.129612
0.061251
0.124180
0.058199
0.122379
0.052767
0.117069
0.046968
0.109043
0.050752
0.109195
0.056581
0.114719
0.053346
0.114231
0.047670
0.109378
0.048769
0.108860
0.050600
0.109745
0.047487
0.105991
0.046144
0.101840
0.049196
0.101108
0.051027
0.100040
0.050295
0.096255
0.051210
0.092959
0.055544
0.093051
0.059420
0.094119
0.060945
0.093539
0.060183
0.089938
0.058870
0.084231
0.058046
0.078158
0.061830
0.077425
0.068300
0.083163
0.062044
0.080630
0.060030
0.081118
0.066073
0.091067
0.060915
0.093356
0.050539
0.087100
0.057344
0.092898
0.058321
0.094668
0.048647
0.083163
0.047884
0.074038
0.058107
0.075747
0.063875
0.078616
0.062777
0.078036
0.064455
0.081271
0.068117
0.089328
0.063204
0.091739
0.058321
0.092380
0.056825
0.094546
0.056001
0.096408
0.050783
0.092227
0.046968
0.085604
0.046297
0.079745
0.046113
0.074557
0.049684
0.074740
0.058229
0.084078
0.050874
0.082827
0.048524
0.084109
0.052858
0.092013
0.044679
0.088443
0.042360
0.085055
0.043855
0.082400
0.039705
0.072146
0.038881
0.061434
0.051210
0.063692
0.062227
0.071078
0.058931
0.068667
0.057619
0.066225
0.063082
0.070467
0.062960
0.071871
0.057436
0.067263
0.058107
0.066439
0.062166
0.069918
0.061617
0.070742
0.058199
0.067965
0.056001
0.064638
0.058351
0.065523
0.059023
0.066713
0.058046
