0.097110
0.097110
0.083346
0.092929
0.081332
0.088839
0.079562
0.084780
0.077883
0.080996
0.076327
0.077822
0.074709
0.075106
0.072848
0.072665
0.070864
0.070162
0.068728
0.068026
0.066622
0.066073
0.064302
0.064150
0.061922
0.061647
0.059358
0.059145
0.057009
0.056703
0.054506
0.053987
0.051759
0.049898
0.048372
0.047426
0.045930
0.045167
0.043580
0.043611
0.043214
0.045015
0.046175
0.048647
0.051149
0.043672
0.050264
0.064211
0.058290
0.067110
0.050203
0.053102
0.043184
0.047090
0.039338
0.048616
0.032411
0.034120
0.025727
-0.005371
0.027284
-0.009522
0.054353
0.000519
0.072787
-0.006104
0.078555
0.008148
0.090060
0.037965
0.090213
0.052950
0.076662
0.056581
0.064791
0.065188
0.059389
0.069155
0.054689
0.057222
0.053438
0.043275
0.061525
0.040071
0.072573
0.040468
0.077425
0.037080
0.076754
0.037782
0.076266
0.044557
0.074587
0.049257
0.070498
0.050172
0.067507
0.054140
0.067965
0.059938
0.069063
0.060884
0.069521
0.060244
0.071627
0.061037
0.072512
0.060976
0.069216
0.057344
0.062868
0.054567
0.059664
0.042299
0.056551
0.032502
0.059938
0.036439
0.067721
0.039125
0.072298
0.033937
0.075289
0.047243
0.083499
0.070833
0.085086
0.073244
0.075777
0.074526
0.072207
0.085574
0.068514
0.085421
0.058138
0.068270
0.051302
0.052614
0.055727
0.044954
0.064791
0.036836
0.072787
0.027985
0.080599
0.034333
0.090793
0.046205
0.093814
0.056856
0.092898
0.065950
0.090304
0.077792
0.087222
0.083621
0.079745
0.078982
0.070711
0.072329
0.065737
0.069704
0.067537
0.046999
0.066103
0.040925
0.079196
0.050417
0.089755
0.050050
0.090243
0.055879
0.092685
0.077792
0.092746
0.087130
0.079592
0.086184
0.066073
0.089297
0.056948
0.089236
0.049867
0.069613
0.045717
0.051302
0.053743
0.049684
0.065127
0.048585
0.067904
0.041597
0.066469
0.042390
0.066500
0.051515
0.063692
0.055086
0.056642
0.052767
0.051973
0.053804
0.051881
0.056581
0.051729
0.053560
0.050081
0.048463
0.050203
0.046693
0.051241
0.045442
0.050325
0.041841
0.048433
0.039125
0.048219
0.039125
0.049135
0.038148
0.049013
0.040681
0.050630
0.045320
0.052461
0.045167
0.052431
0.044069
0.051729
0.045686
0.047884
0.046388
0.040803
0.041047
0.035859
0.022980
0.033876
0.017609
0.042390
0.021821
0.049013
0.020173
0.051393
0.018097
0.055116
0.027894
0.058535
0.041353
0.054292
0.048067
0.045808
0.047456
0.039247
0.048250
0.037568
0.048341
