0.039735
0.039735
0.028108
0.011261
-0.003418
0.022065
-0.007080
0.044954
0.002625
0.065493
0.015717
0.063173
0.012238
0.071017
0.016541
0.079653
0.022645
0.076418
0.019166
0.073946
0.014863
0.081668
0.018891
0.085604
0.021180
0.078982
0.014710
0.081973
0.015687
0.087710
0.020508
0.091861
0.026002
0.102969
0.039583
0.105441
0.048372
0.109500
0.059145
0.091952
0.050722
0.072787
0.036073
0.074587
0.036225
0.085574
0.045991
0.088687
0.051943
0.089694
0.057131
0.088046
0.060152
0.070009
0.047761
0.055483
0.034486
0.069704
0.045045
0.085543
0.061983
0.085910
0.069491
0.083102
0.074404
0.075381
0.074007
0.059358
0.063967
0.057405
0.062990
0.064302
0.070193
0.062319
0.071383
0.056703
0.068819
0.058229
0.071535
0.060945
0.075808
0.057619
0.075076
0.060335
0.078768
0.062929
0.082583
0.048189
0.070681
0.039735
0.060396
0.049409
0.064547
0.056307
0.068697
0.062197
0.073458
0.063906
0.075747
0.061861
0.074801
0.061007
0.074007
0.060030
0.072359
0.060335
0.071261
0.061830
0.071108
0.063173
0.070864
0.063814
0.070040
0.064669
0.069430
0.065889
0.069185
0.066836
0.068728
0.067537
0.068300
0.068361
0.068148
0.069308
0.068331
0.069796
0.068422
0.070284
0.068606
0.070620
0.068880
0.070986
0.069124
0.070772
0.068972
0.070650
0.069155
0.070467
0.069460
0.070284
0.069765
0.069735
0.069918
0.069308
0.070040
0.069552
0.070009
0.069918
0.069857
0.069582
0.069979
0.069094
0.070223
0.068575
0.070406
0.067751
0.070406
0.067812
0.070406
0.068178
0.070284
0.068331
0.070284
0.068545
0.070406
0.068850
0.070467
0.069063
0.070620
0.069491
0.071200
0.070406
0.072054
0.070864
0.072909
0.071413
0.073885
0.071596
0.074892
0.070345
0.075655
0.068636
0.076418
0.069185
0.077242
0.069521
0.078097
0.069247
0.078768
0.069582
0.079409
0.069948
0.079928
0.069430
0.080477
0.068514
0.080905
0.068209
0.081362
0.067873
0.081790
0.066988
0.082217
0.066317
0.082675
0.065920
0.083041
0.065432
0.083468
0.064486
0.083773
0.064028
0.084201
0.063631
0.084475
0.062716
0.084475
0.059542
0.082461
0.055513
0.079012
0.056948
0.079958
0.060701
0.084170
0.061068
0.086825
0.059816
0.088168
0.114231
0.140233
0.059023
0.105319
-0.000732
0.048830
-0.005371
0.027863
0.039613
0.054506
0.061129
0.074496
0.053133
0.074038
0.055818
0.081606
0.055788
0.087954
0.039003
0.079257
0.031709
0.075106
0.056551
0.099094
0.081271
0.129551
0.078127
