-0.069094
-0.069094
-0.000519
-0.049898
0.041902
0.055544
0.116062
0.063967
0.097659
0.093081
0.099673
0.091494
0.083712
0.013367
0.028962
0.009217
0.042817
0.044191
0.074953
0.043214
0.071780
0.021180
0.057436
0.078524
0.098666
0.023591
0.055544
-0.064394
0.009705
0.063540
0.113834
0.146794
0.148534
0.045839
0.058016
-0.046724
0.011475
-0.022095
0.055422
0.048738
0.107608
0.130192
0.144322
0.049165
0.068239
0.039125
0.068148
0.064272
0.091494
0.043550
0.078249
0.013031
0.065065
0.034425
0.089206
0.061922
0.107364
0.047945
0.092990
0.033601
0.084445
0.043580
0.094119
0.039705
0.090793
0.016419
0.075808
0.016572
0.079257
0.043519
0.095248
0.049806
0.089602
0.031495
0.068606
0.031556
0.064638
0.047670
0.069247
0.050539
0.061159
0.046693
0.049745
0.054781
0.048280
0.062319
0.045564
0.056856
0.035218
0.052309
0.029267
0.058809
0.032929
0.063540
0.034974
0.059236
0.032594
0.052217
0.031861
0.043947
0.033692
0.030732
0.034547
0.034974
0.048860
0.067843
0.078188
-0.008667
0.032411
-0.076022
0.011780
0.024751
0.103122
0.087008
0.134648
-0.005341
0.059572
-0.033906
0.053591
0.055910
0.122715
0.052431
0.106021
-0.045778
0.037873
-0.040315
0.057497
0.080691
0.136692
0.079318
0.106296
-0.008087
0.034608
-0.006867
0.042879
0.056398
0.083529
0.091678
0.087069
0.028809
0.028321
0.003021
0.013459
0.052248
0.049867
0.059847
0.042329
0.025117
0.011444
0.041414
0.021790
0.099704
0.053682
0.061098
0.011231
0.000519
-0.025239
0.017212
-0.002228
0.067537
0.031861
0.052736
0.009125
0.035646
-0.003815
0.055940
0.009033
0.071078
0.015168
0.045900
-0.008545
0.043947
-0.005310
0.061007
0.006012
0.065798
0.007691
0.046175
-0.008362
0.050356
0.000305
0.056124
0.004028
0.052217
0.003357
0.037019
-0.006317
0.043489
0.004273
0.043214
0.003235
0.039125
0.002564
0.030885
-0.003815
0.038911
0.003906
0.037355
-0.001495
0.036927
-0.003143
0.035615
-0.008881
0.044679
-0.005554
0.043977
-0.013764
0.045045
-0.017304
0.042604
-0.025117
0.044832
-0.026704
0.040193
-0.034944
0.038636
-0.037782
0.039705
-0.040407
0.051637
-0.035005
0.053255
-0.039583
0.020386
-0.062349
0.018677
-0.057680
0.036622
-0.042665
0.031373
-0.048952
0.012391
-0.060427
0.014710
-0.054933
0.027802
-0.045228
0.030030
-0.045259
0.018097
-0.052919
0.004242
-0.060518
0.012909
-0.051088
0.024049
-0.043764
-0.001251
-0.061800
-0.012818
-0.063356
0.008759
-0.044801
0.056856
-0.019410
0.039308
