0.063814
0.063814
0.055055
0.058779
0.054323
0.053163
0.052248
0.055666
0.058016
0.074038
0.083102
0.078829
0.101962
-0.024598
0.007904
-0.007080
-0.009949
0.092074
0.076357
0.097690
0.119541
0.078646
0.132542
-0.013855
0.049776
-0.023164
0.001373
0.064241
0.051881
0.074740
0.068361
0.039186
0.038087
0.057039
0.043489
0.113712
0.098605
0.051729
0.056154
-0.029817
-0.040742
0.128666
0.077029
0.164312
0.154027
0.023988
0.055910
-0.025727
-0.025819
0.053041
0.010041
0.135289
0.099918
0.144322
0.154027
-0.022645
0.020325
0.052309
0.047182
0.098697
0.088382
0.046083
0.047334
0.033937
0.018769
0.099551
0.068728
0.111576
0.099185
0.063509
0.070223
0.062807
0.063662
0.092196
0.089663
0.070681
0.077914
0.036927
0.041993
0.056185
0.047914
0.086856
0.082736
0.064394
0.082156
0.026276
0.056459
0.031678
0.061464
0.042543
0.082003
0.020386
0.077303
0.001648
0.066378
0.005768
0.070467
0.003693
0.070589
-0.012391
0.052034
-0.010529
0.041292
0.007660
0.045076
0.020447
0.049379
0.023438
0.042970
0.034364
0.040651
0.042940
0.033479
0.049593
0.024201
0.075106
0.031312
0.116825
0.066134
0.052156
0.004212
0.019532
-0.056703
0.162114
0.054842
0.186346
0.131809
0.047273
0.039430
0.039521
0.014771
0.123142
0.088076
0.081515
0.089999
-0.024781
-0.005737
0.036622
0.038453
0.118473
0.139714
0.048372
0.140996
-0.080416
0.024506
-0.026460
0.053896
0.008545
0.081515
0.040223
0.148595
-0.068361
0.054201
-0.058962
0.050935
-0.032991
0.039064
0.019562
0.109592
-0.060244
0.023560
0.006989
0.091678
0.004120
0.068850
0.001434
0.096805
-0.099918
-0.047792
0.030763
0.065218
0.009644
0.023957
0.046480
0.101657
-0.053865
-0.021424
0.056520
0.099948
-0.022004
0.004883
0.028871
0.080142
-0.046449
-0.029328
0.062899
0.094302
-0.024354
-0.008881
0.038942
0.075289
-0.030580
-0.024018
0.062441
0.087710
-0.026307
-0.017823
0.043458
0.070528
-0.022767
-0.018311
0.053346
0.081271
-0.031404
-0.015320
0.032350
0.069430
-0.033082
-0.008881
0.024079
0.073428
-0.050356
-0.008332
0.002686
0.064669
-0.054842
-0.000458
-0.011689
0.062746
-0.070772
-0.005036
-0.028962
0.047670
-0.074099
-0.010712
-0.036744
0.032441
-0.074587
-0.020875
-0.033845
0.020234
-0.050661
-0.010254
-0.017823
0.026002
-0.081973
-0.053377
-0.030641
-0.022736
-0.016785
-0.024598
-0.009522
-0.011689
-0.038057
-0.052828
-0.005493
-0.030274
0.001282
-0.028932
0.007447
-0.014801
-0.020142
-0.042726
-0.015625
-0.045747
0.001556
