0.030183
0.030183
0.020142
0.028596
0.017945
0.026917
0.015595
0.025178
0.013123
0.023377
0.010651
0.021607
0.008148
0.019898
0.005707
0.018220
0.003296
0.016602
0.000885
0.014954
-0.001495
0.013367
-0.003906
0.011750
-0.006287
0.010193
-0.008667
0.008637
-0.011078
0.007050
-0.013489
0.005493
-0.015900
0.003937
-0.018311
0.002411
-0.020692
0.000885
-0.023103
-0.000641
-0.025513
-0.002228
-0.027924
-0.003784
-0.030366
-0.005341
-0.032777
-0.006897
-0.035218
-0.008515
-0.037690
-0.010163
-0.040162
-0.011780
-0.042665
-0.013428
-0.045137
-0.015137
-0.047670
-0.016877
-0.050233
-0.018677
-0.052858
-0.020478
-0.055483
-0.022340
-0.058107
-0.024293
-0.060793
-0.026276
-0.063540
-0.028352
-0.066347
-0.030457
-0.069155
-0.032350
-0.071566
-0.033570
-0.073275
-0.034455
-0.074740
-0.034974
-0.075655
-0.035585
-0.076632
-0.036348
-0.077731
-0.037141
-0.078860
-0.037935
-0.079989
-0.038759
-0.081088
-0.039552
-0.082156
-0.040345
-0.083193
-0.041139
-0.084231
-0.041902
-0.085238
-0.042695
-0.086184
-0.043458
-0.087100
-0.044221
-0.088015
-0.045015
-0.088870
-0.045808
-0.089755
-0.046602
-0.090579
-0.047334
-0.091372
-0.048128
-0.092135
-0.048860
-0.092868
-0.049623
-0.093539
-0.050356
-0.094180
-0.051088
-0.094790
-0.051851
-0.095401
-0.052553
-0.095950
-0.053285
-0.096469
-0.053987
-0.096957
-0.054628
-0.097354
-0.055269
-0.097720
-0.055910
-0.098056
-0.056551
-0.098361
-0.057161
-0.098605
-0.057741
-0.098819
-0.058290
-0.098972
-0.058840
-0.099063
-0.059358
-0.099124
-0.059816
-0.099124
-0.060305
-0.099094
-0.060762
-0.099033
-0.061190
-0.098910
-0.061617
-0.098697
-0.061983
-0.098514
-0.062441
-0.098331
-0.063387
-0.098636
-0.064516
-0.099216
-0.065584
-0.099643
-0.068178
-0.101962
-0.071841
-0.105502
-0.075838
-0.109470
-0.079928
-0.113468
-0.083956
-0.117405
-0.087863
-0.121128
-0.091647
-0.124729
-0.095462
-0.128300
-0.099277
-0.131901
-0.103183
-0.135563
-0.107059
-0.139195
-0.110965
-0.142827
-0.114841
-0.146397
-0.118656
-0.149937
-0.122501
-0.153447
-0.126286
-0.156926
-0.130009
-0.160314
-0.133641
-0.163579
-0.137211
-0.166814
-0.140721
-0.169927
-0.144108
-0.172948
-0.147465
-0.175909
-0.150761
-0.178777
-0.153996
-0.181585
-0.157170
-0.184332
-0.160283
-0.187017
-0.163305
-0.189611
-0.166265
-0.192114
-0.169134
-0.194555
-0.171941
-0.196905
-0.174688
-0.199164
-0.177343
-0.201361
-0.179968
-0.203528
-0.182562
-0.205634
-0.185095
-0.207678
-0.187567
-0.209693
-0.189978
-0.211615
-0.192389
-0.213507
-0.194739
-0.215369
-0.197028
-0.217200
-0.199225
-0.218940
-0.201209
-0.220435
-0.203040
