0.014801
0.014801
0.033540
0.016846
0.036500
0.017853
0.037416
0.020264
0.040437
0.022126
0.042024
0.024598
0.044893
0.026032
0.046327
0.027924
0.048738
0.029511
0.050295
0.031770
0.052797
0.033662
0.054567
0.035768
0.056825
0.037599
0.058596
0.039460
0.060549
0.041505
0.062349
0.044252
0.064791
0.046846
0.066927
0.049043
0.068911
0.051271
0.070620
0.053713
0.072542
0.056307
0.074404
0.057985
0.075594
0.059023
0.076235
0.059725
0.076540
0.061251
0.077273
0.063326
0.078372
0.066439
0.080050
0.072237
0.083682
0.082736
0.090579
0.098483
0.101230
0.119358
0.115574
0.143376
0.132206
0.157292
0.141697
0.154851
0.139409
0.141179
0.129002
0.124424
0.116398
0.108554
0.104434
0.094760
0.093875
0.083407
0.084475
0.076998
0.079012
0.074160
0.076266
0.067873
0.070254
0.062410
0.064730
0.058809
0.060915
0.056612
0.058138
0.055330
0.056093
0.054781
0.054567
0.054750
0.053560
0.054781
0.052583
0.054720
0.051515
0.055177
0.050874
0.055330
0.049989
0.055300
0.048952
0.054811
0.047517
0.053865
0.045747
0.052034
0.043245
0.049959
0.040468
0.047395
0.037263
0.044710
0.033998
0.041566
0.030305
0.038148
0.026337
0.034150
0.021882
0.029878
0.017212
0.025391
0.012329
0.020905
0.007385
0.016297
0.002380
0.011536
-0.002777
0.006623
-0.008118
0.001679
-0.013489
-0.003388
-0.018952
-0.008545
-0.024476
-0.013672
-0.030061
-0.018769
-0.035493
-0.023896
-0.040956
-0.029084
-0.046480
-0.034150
-0.051881
-0.039125
-0.057161
-0.044099
-0.062380
-0.048952
-0.067537
-0.053682
-0.072481
-0.058321
-0.077364
-0.062838
-0.082095
-0.067232
-0.086520
-0.071230
-0.090487
-0.074587
-0.093783
-0.077486
-0.096530
-0.080020
-0.098941
-0.083010
-0.101840
-0.085757
-0.104465
-0.088809
-0.107456
-0.091678
-0.110233
-0.094760
-0.113254
-0.097659
-0.116092
-0.100803
-0.119205
-0.103854
-0.122196
-0.107059
-0.125370
-0.110141
-0.128391
-0.113376
-0.131626
-0.116581
-0.134831
-0.119907
-0.138157
-0.123173
-0.141392
-0.126560
-0.144810
-0.129948
-0.148167
-0.133366
-0.151616
-0.136753
-0.155004
-0.140202
-0.158422
-0.143681
-0.161870
-0.147160
-0.165349
-0.150639
-0.168798
-0.154088
-0.172246
-0.157628
-0.175726
-0.161168
-0.179235
-0.164708
-0.182714
-0.168187
-0.186163
-0.171697
-0.189611
-0.175207
-0.193060
-0.178747
-0.196478
-0.182226
-0.199896
-0.185675
-0.203253
-0.189154
-0.206610
-0.192267
-0.209479
-0.194098
-0.210730
-0.194311
-0.209937
-0.193304
-0.207556
-0.191168
-0.203833
-0.187964
-0.198798
-0.183752
-0.192541
-0.179052
