0.058107
0.058107
0.110752
0.054445
0.110477
0.047639
0.107730
0.037477
0.102359
0.025605
0.095584
0.013703
0.088595
0.002930
0.082369
-0.006104
0.077364
-0.013428
0.073580
-0.019257
0.070772
-0.023988
0.068697
-0.027955
0.067141
-0.031434
0.065889
-0.034577
0.064791
-0.037568
0.063448
-0.040162
0.062227
-0.042573
0.060823
-0.044984
0.058535
-0.047670
0.055422
-0.050783
0.051546
-0.054292
0.047243
-0.058046
0.042909
-0.061983
0.038881
-0.065737
0.035707
-0.069277
0.033326
-0.072878
0.031098
-0.076968
0.028199
-0.082217
0.023225
-0.089480
0.014557
-0.099246
0.001282
-0.111118
-0.015931
-0.123936
-0.035127
-0.136143
-0.053652
-0.146641
-0.069552
-0.154790
-0.081790
-0.160680
-0.090670
-0.164708
-0.096927
-0.167760
-0.102054
-0.170202
-0.106632
-0.172094
-0.110935
-0.173559
-0.115024
-0.174505
-0.118900
-0.174718
-0.122196
-0.174108
-0.124699
-0.172643
-0.126438
-0.170385
-0.127506
-0.167302
-0.127873
-0.163427
-0.127476
-0.158849
-0.126530
-0.153722
-0.125217
-0.148076
-0.123508
-0.141758
-0.121189
-0.134861
-0.118381
-0.127506
-0.115177
-0.119938
-0.111759
-0.112339
-0.108249
-0.104801
-0.104709
-0.097568
-0.101352
-0.090335
-0.097964
-0.083377
-0.094668
-0.076876
-0.091433
-0.073061
-0.090121
-0.071474
-0.090487
-0.071566
-0.092074
-0.073092
-0.094790
-0.075655
-0.098422
-0.078707
-0.102390
-0.081973
-0.106510
-0.085360
-0.110691
-0.088961
-0.115024
-0.092776
-0.119388
-0.096744
-0.123814
-0.100894
-0.128300
-0.105289
-0.132939
-0.109928
-0.137730
-0.114750
-0.142644
-0.119663
-0.147557
-0.124668
-0.152532
-0.129734
-0.157506
-0.134770
-0.162389
-0.140172
-0.167547
-0.145207
-0.172308
-0.149602
-0.176366
-0.153661
-0.180029
-0.157323
-0.183264
-0.160833
-0.186285
-0.164312
-0.189245
-0.167730
-0.192114
-0.171087
-0.194891
-0.174383
-0.197577
-0.177557
-0.200110
-0.180883
-0.202795
-0.184515
-0.205786
-0.188818
-0.209479
-0.193854
-0.213904
-0.199255
-0.218726
-0.204138
-0.223090
-0.207373
-0.225837
-0.207678
-0.225806
-0.204688
-0.222633
-0.197638
-0.215674
-0.187719
-0.206061
-0.175634
-0.194494
-0.163030
-0.182562
-0.151372
-0.171606
-0.142430
-0.163213
-0.136784
-0.157903
-0.134465
-0.155736
-0.135105
-0.156255
-0.137852
-0.158757
-0.141697
-0.162297
-0.145940
-0.166173
-0.149937
-0.169836
-0.153539
-0.173101
-0.156590
-0.175848
-0.159215
-0.178228
-0.161473
-0.180273
-0.163427
-0.182104
-0.165227
-0.183721
-0.166814
-0.185125
-0.168157
-0.186254
-0.169134
-0.187017
-0.169713
-0.187323
-0.169805
-0.187048
-0.169256
-0.186041
-0.168004
-0.184271
-0.165960
-0.181646
-0.163121
