0.054445
0.054445
0.118412
0.054353
0.118107
0.054292
0.117801
0.054201
0.117496
0.054109
0.117191
0.054048
0.116916
0.053957
0.116611
0.053896
0.116337
0.053835
0.116062
0.053743
0.115787
0.053682
0.115543
0.053621
0.115268
0.053529
0.115024
0.053468
0.114811
0.053407
0.114780
0.053346
0.110385
0.053285
0.081027
0.053194
0.038301
0.053133
0.009400
0.053072
0.007782
0.053011
0.041047
0.052950
0.074374
0.052889
0.094150
0.052828
0.104282
0.052767
0.109134
0.052736
0.111362
0.052675
0.112369
0.052614
0.112766
0.052553
0.112857
0.052492
0.112918
0.052431
0.112949
0.052400
0.103702
0.052339
0.069308
0.052278
0.029115
0.052248
0.003082
0.052187
-0.010620
0.052156
-0.017304
0.052126
-0.020386
0.052065
-0.021760
0.052034
-0.022279
0.051973
-0.022401
0.051943
-0.022309
0.051912
-0.022156
0.051881
-0.021943
0.051820
-0.021668
0.051790
-0.021393
0.051790
-0.021180
0.053224
-0.019166
0.030763
-0.029756
-0.010956
-0.045534
-0.037751
-0.036378
-0.051271
-0.020356
-0.057680
-0.009613
-0.060091
-0.003876
-0.059267
-0.001007
-0.054476
0.000336
-0.044282
0.000977
-0.029237
0.001282
-0.014832
0.001434
-0.005463
0.001495
-0.000458
0.001526
0.001984
0.001556
0.003143
0.001556
0.003693
0.001587
0.003937
0.001740
0.004028
0.002228
0.004089
0.003296
0.004089
0.005280
0.004059
0.007813
0.004028
0.010010
0.003998
0.011444
0.003937
0.012116
0.003906
0.012360
0.003845
0.012360
0.003784
0.012238
0.003723
0.012055
0.003662
0.011841
0.003601
0.011658
0.003540
0.011444
0.003479
0.011231
0.003388
0.011017
0.003327
0.010834
0.003265
0.010620
0.003204
0.010437
0.003174
0.010254
0.003113
0.010071
0.003052
0.009888
0.003113
0.009705
0.002869
0.009552
-0.007782
0.009369
-0.045930
0.009217
-0.085238
0.009033
-0.109073
0.008881
-0.121342
0.008728
-0.127415
0.008606
-0.129246
0.008454
-0.115848
0.008301
-0.076113
0.008179
-0.038881
0.008026
-0.016877
0.007935
-0.005524
0.007263
0.000031
0.003204
0.003082
-0.003632
0.001129
-0.009369
-0.020905
-0.010926
-0.062166
-0.006592
-0.094638
-0.000671
-0.112766
0.003510
-0.121738
0.005860
-0.125919
0.006989
-0.127750
0.007508
-0.128422
0.007691
-0.128544
0.007691
-0.128422
0.007660
-0.128178
0.007599
-0.127873
0.007538
-0.127537
0.006104
-0.127201
0.000702
-0.126835
-0.006226
-0.126469
-0.011231
-0.126560
-0.013947
-0.121372
-0.015198
-0.095065
-0.015656
-0.053499
-0.015687
-0.022309
-0.015748
-0.005097
-0.015778
0.002472
0.014710
0.026399
