0.116092
0.116092
0.117832
0.117130
0.117557
0.109989
0.117283
0.093204
0.117038
0.070711
0.116703
0.046297
0.112369
0.026154
0.100192
0.014222
0.082095
0.008148
0.060884
0.005127
0.038850
0.003601
0.020753
0.002777
0.009949
0.002289
0.004425
0.002014
0.001679
0.001801
0.000305
0.001648
-0.000397
0.001526
-0.000763
0.001434
-0.001007
0.001373
-0.001160
0.001312
-0.001251
0.001282
-0.001312
0.001251
-0.001312
0.001221
-0.001312
0.001221
-0.001282
0.001221
-0.001190
0.001221
-0.001038
0.001221
-0.000824
0.001221
-0.000580
0.001221
-0.000244
0.001221
0.000153
0.001251
0.000641
0.001251
0.001251
0.001251
0.001923
0.001251
0.002747
0.001251
0.003662
0.001251
0.004700
0.001251
0.005860
0.001251
0.007111
0.001251
0.008271
0.001251
0.009186
0.001221
0.009796
0.001221
0.010102
0.001221
0.010193
0.001221
0.010163
0.001251
0.010071
0.001312
0.009949
0.001404
0.009827
0.001556
0.009705
0.001770
0.009552
0.002075
0.009430
0.002441
0.009308
0.002869
0.009156
0.003418
0.009033
0.003998
0.008911
0.005707
0.007508
0.013520
0.000763
0.028962
-0.013092
0.049257
-0.025941
0.071932
-0.032655
0.094119
-0.033692
0.110202
-0.028291
0.116428
-0.020875
0.109897
-0.016266
0.091556
-0.013886
0.066134
-0.012665
0.039155
-0.011963
0.017396
-0.011505
0.004028
-0.011200
-0.002899
-0.010926
-0.006317
-0.010712
-0.007935
-0.010498
-0.008698
-0.010285
-0.009003
-0.010071
-0.009125
-0.009857
-0.009156
-0.009644
-0.009125
-0.009430
-0.009095
-0.009247
-0.009003
-0.009033
-0.008911
-0.008789
-0.008789
-0.008576
-0.008698
-0.008332
-0.008545
-0.008118
-0.008423
-0.007843
-0.008301
-0.007599
-0.008148
-0.007324
-0.007996
-0.007019
-0.007874
-0.006714
-0.007721
-0.006409
-0.007569
-0.006073
-0.007447
-0.005768
-0.007294
-0.005493
-0.007172
-0.005310
-0.007050
-0.005158
-0.006928
-0.005066
-0.006806
-0.004975
-0.006684
-0.004913
-0.006561
-0.004852
-0.006439
-0.004791
-0.006348
-0.004761
-0.006226
-0.004700
-0.006134
-0.004639
-0.006012
-0.004608
-0.005921
-0.004547
-0.005829
-0.004517
-0.005737
-0.004456
-0.005615
-0.004700
-0.005524
-0.004944
-0.005432
0.000610
-0.005310
0.015381
-0.005188
0.036927
-0.005036
0.061342
-0.004883
0.081942
-0.004791
0.094790
-0.004028
0.101657
0.001160
0.105075
0.014161
0.106754
0.034089
0.107578
0.058199
0.108036
0.083346
0.107883
0.104434
0.104526
0.118107
0.095950
0.125126
0.083285
0.127293
0.068270
0.125919
0.052004
0.121403
0.035157
0.111789
0.019044
0.096957
0.006653
0.079134
