0.185705
0.185705
0.120609
0.180090
0.119694
0.174291
0.118870
0.168279
0.117985
0.162145
0.117038
0.155309
0.115452
0.148900
0.113926
0.142857
0.112613
0.138310
0.112461
0.132603
0.109531
0.126102
0.104831
0.119449
0.099734
0.112644
0.094516
0.105686
0.089084
0.098483
0.083407
0.091098
0.077425
0.083682
0.071230
0.076205
0.064791
0.068667
0.058168
0.060945
0.051271
0.053072
0.044130
0.045076
0.036744
0.037080
0.029237
0.029054
0.021546
0.020875
0.013611
0.012574
0.005493
0.004212
-0.002747
-0.003998
-0.011048
-0.012116
-0.019349
-0.020142
-0.027711
-0.028169
-0.036134
-0.036195
-0.044649
-0.044221
-0.053224
-0.052187
-0.061861
-0.060091
-0.070467
-0.067934
-0.079043
-0.075655
-0.087619
-0.083316
-0.096133
-0.090915
-0.104648
-0.098453
-0.113102
-0.105930
-0.121494
-0.113254
-0.129765
-0.120457
-0.137883
-0.127537
-0.145878
-0.134434
-0.153661
-0.141209
-0.161290
-0.147801
-0.168706
-0.154210
-0.175878
-0.160405
-0.182775
-0.166295
-0.189337
-0.172063
-0.195624
-0.177496
-0.201453
-0.182287
-0.206488
-0.186377
-0.210608
-0.190008
-0.214270
-0.193426
-0.217658
-0.196722
-0.220923
-0.199927
-0.224097
-0.203040
-0.227210
-0.205969
-0.230140
-0.208747
-0.232887
-0.211341
-0.235420
-0.213721
-0.237770
-0.215949
-0.239937
-0.217963
-0.241859
-0.219825
-0.243629
-0.221503
-0.245186
-0.222999
-0.246590
-0.224311
-0.247749
-0.225440
-0.248756
-0.226417
-0.249550
-0.227180
-0.250160
-0.227790
-0.250557
-0.228187
-0.250771
-0.228401
-0.250771
-0.228431
-0.250557
-0.228248
-0.250160
-0.227882
-0.249550
-0.227302
-0.248726
-0.226539
-0.247688
-0.225593
-0.246437
-0.224433
-0.245003
-0.223090
-0.243324
-0.221564
-0.241493
-0.219825
-0.239418
-0.217933
-0.237190
-0.215827
-0.234779
-0.213599
-0.232154
-0.211158
-0.229377
-0.208563
-0.226417
-0.205817
-0.223273
-0.202857
-0.219947
-0.199774
-0.216498
-0.196478
-0.212836
-0.192969
-0.208899
-0.189154
-0.204627
-0.185278
-0.200262
-0.182348
-0.197028
-0.179998
-0.194464
-0.177862
-0.192145
-0.175634
-0.189734
-0.173162
-0.187017
-0.170354
-0.183874
-0.167180
-0.180364
-0.163793
-0.176550
-0.160253
-0.172613
-0.156560
-0.168462
-0.152745
-0.164190
-0.148869
-0.159856
-0.144932
-0.155461
-0.140873
-0.150975
-0.136753
-0.146367
-0.132633
-0.141820
-0.128605
-0.137333
-0.124668
-0.133000
-0.120853
-0.128819
-0.117130
-0.124729
-0.113437
-0.120670
-0.109531
-0.116337
-0.104831
-0.111087
-0.098880
-0.104404
-0.091250
-0.095859
-0.081362
-0.084750
-0.069216
-0.071017
-0.055147
-0.055147
-0.040101
-0.038209
-0.024995
-0.021271
-0.011597
