-0.025452
-0.025452
-0.025452
-0.019745
-0.019745
-0.017060
-0.017060
-0.007385
-0.007385
0.017914
0.017914
0.049684
0.049684
0.077822
0.077822
0.097812
0.097812
0.109531
0.109531
0.114048
0.114048
0.113529
0.113529
0.111087
0.111087
0.108402
0.108402
0.106754
0.106754
0.074404
0.074404
0.011963
0.011963
-0.030976
-0.030976
-0.037690
-0.037690
-0.024689
-0.024689
-0.017640
-0.017640
-0.016907
-0.016907
-0.021332
-0.021332
-0.018983
-0.018983
-0.023835
-0.023835
0.007477
0.007477
0.058504
0.058504
0.092441
0.092441
0.104556
0.104556
0.100742
0.100742
0.099124
0.099124
0.087619
0.087619
0.030457
0.030457
-0.013825
-0.013825
-0.007721
-0.007721
-0.021851
-0.021851
-0.067141
-0.067141
-0.107303
-0.107303
-0.125462
-0.125462
-0.124027
-0.124027
-0.120273
-0.120273
-0.118046
-0.118046
-0.119114
-0.119114
-0.118107
-0.118107
-0.120151
-0.120151
-0.105106
-0.105106
-0.035615
-0.035615
0.016938
0.016938
0.018555
0.018555
0.003754
0.003754
0.000031
0.000031
0.002319
0.002319
0.005066
0.005066
0.003601
0.003601
0.005432
0.005432
-0.005768
-0.005768
-0.050050
-0.050050
-0.099033
-0.099033
-0.124332
-0.124332
-0.125706
-0.125706
-0.120670
-0.120670
-0.117954
-0.117954
-0.118168
-0.118168
-0.118351
-0.118351
-0.118748
-0.118748
-0.115635
-0.115635
-0.052736
-0.052736
0.014374
0.014374
0.024781
0.024781
0.010315
0.010315
0.002747
0.002747
0.005554
0.005554
0.007538
0.007538
0.008332
0.008332
0.006653
0.006653
0.007202
0.007202
-0.032991
-0.032991
-0.088046
-0.088046
-0.118564
-0.118564
-0.124973
-0.124973
-0.120151
-0.120151
-0.117527
-0.117527
-0.116092
-0.116092
-0.118107
-0.118107
-0.110385
-0.110385
-0.053591
-0.053591
0.022553
0.022553
0.081637
0.081637
0.110874
0.110874
0.118290
0.118290
0.114261
0.114261
0.111911
0.111911
0.110538
0.110538
0.111728
0.111728
0.110172
0.110172
0.112552
0.112552
0.089480
0.089480
0.015595
0.015595
-0.032136
-0.032136
-0.031159
-0.031159
-0.016205
-0.016205
-0.013581
-0.013581
-0.015687
-0.015687
-0.018830
-0.018830
-0.016388
-0.016388
-0.019593
-0.019593
-0.002289
-0.002289
0.045564
0.045564
0.093020
0.093020
0.116428
0.116428
0.116581
0.116581
0.111637
0.111637
0.108860
0.108860
0.109348
0.109348
0.109134
0.109134
0.110111
0.110111
0.103519
0.103519
0.035615
0.035615
-0.030030
-0.030030
-0.038240
-0.038240
-0.022767
-0.022767
-0.015778
-0.015778
-0.018494
-0.018494
-0.020997
-0.020997
-0.021149
-0.021149
-0.020325
-0.020325
-0.017853
-0.017853
0.024293
0.024293
0.079348
