-0.005799
-0.005799
-0.004334
-0.005982
-0.005036
-0.006256
-0.005982
-0.006653
-0.007141
-0.007080
-0.008423
-0.007294
-0.009339
-0.007294
-0.009735
-0.007141
-0.009827
-0.006958
-0.009857
-0.006806
-0.010041
-0.006714
-0.010315
-0.006561
-0.010498
-0.006409
-0.010712
-0.006195
-0.010743
-0.005890
-0.010620
-0.005615
-0.010590
-0.005432
-0.010712
-0.005341
-0.011048
-0.005280
-0.011475
-0.005158
-0.011780
-0.005005
-0.012055
-0.004700
-0.012055
-0.004273
-0.011750
-0.003662
-0.011170
-0.002991
-0.010376
-0.002350
-0.009613
-0.001679
-0.008850
-0.001099
-0.008240
-0.000641
-0.007782
-0.000153
-0.007355
0.000183
-0.007080
0.000458
-0.006989
0.000671
-0.007019
0.000916
-0.006928
0.001190
-0.006684
0.001404
-0.006500
0.001556
-0.006348
0.001740
-0.006073
0.002014
-0.005524
0.002350
-0.004791
0.002655
-0.004089
0.002869
-0.003479
0.003113
-0.002838
0.003296
-0.002289
0.003357
-0.001984
0.003327
-0.001923
0.003174
-0.002045
0.002930
-0.002411
0.002594
-0.002838
0.002319
-0.003113
0.002136
-0.003174
0.001984
-0.003143
0.001923
-0.002899
0.001984
-0.002350
0.002197
-0.001495
0.002503
-0.000427
0.002899
0.000793
0.003327
0.002106
0.003632
0.003174
0.003815
0.003967
0.003937
0.004730
0.004089
0.005463
0.004089
0.005951
0.003998
0.006195
0.003876
0.006378
0.003632
0.006378
0.003265
0.006104
0.002808
0.005646
0.002380
0.005280
0.002045
0.005097
0.001770
0.005066
0.001465
0.005036
0.001251
0.005097
0.001068
0.005280
0.000855
0.005432
0.000641
0.005554
0.000397
0.005585
0.000153
0.005585
-0.000183
0.005371
-0.000671
0.004883
-0.001282
0.004120
-0.002045
0.003082
-0.002869
0.001801
-0.003784
0.000397
-0.004669
-0.001007
-0.005402
-0.002197
-0.005921
-0.003021
-0.006195
-0.003449
-0.006317
-0.003632
-0.006409
-0.003815
-0.006561
-0.004212
-0.006806
-0.004822
-0.007111
-0.005585
-0.007355
-0.006256
-0.007477
-0.006684
-0.007477
-0.006806
-0.007324
-0.006653
-0.007080
-0.006317
-0.006836
-0.005982
-0.006531
-0.005646
-0.006287
-0.005371
-0.006012
-0.005127
-0.005829
-0.005066
-0.005707
-0.005219
-0.005585
-0.005371
-0.005493
-0.005585
-0.005371
-0.005768
-0.005280
-0.006043
-0.005249
-0.006409
-0.005158
-0.006745
-0.005127
-0.007141
-0.005158
-0.007691
-0.005249
-0.008362
-0.005402
-0.009186
-0.005585
-0.010132
-0.005799
-0.011078
-0.005921
-0.011811
-0.005890
-0.012238
-0.005799
-0.012513
-0.005524
-0.012482
-0.005097
-0.012116
-0.004486
-0.011444
-0.003784
-0.010529
-0.003082
-0.009644
-0.002350
-0.008728
-0.001709
-0.007996
-0.001160
-0.007447
-0.000580
