0.174627
0.174627
0.288278
0.186834
0.285653
0.194586
0.283120
0.191382
0.283273
0.181768
0.287454
0.166265
0.296793
0.151891
0.315165
0.136784
0.337718
0.123173
0.357158
0.112491
0.364971
0.108707
0.358928
0.104923
0.343974
0.106052
0.322581
0.107150
0.307047
0.110355
0.299020
0.111942
0.301218
0.106449
0.312296
0.091098
0.326060
0.066103
0.337230
0.036439
0.335673
0.002136
0.320231
-0.027223
0.282693
-0.051027
0.227424
-0.070559
0.161534
-0.084384
0.093387
-0.095614
0.033357
-0.104617
-0.012482
-0.111179
-0.046663
-0.109806
-0.066805
-0.102237
-0.069765
-0.096744
-0.057436
-0.092135
-0.050600
-0.093142
-0.054415
-0.095309
-0.069521
-0.095370
-0.084994
-0.097354
-0.090365
-0.099460
-0.093081
-0.107761
-0.090670
-0.121036
-0.087283
-0.136753
-0.078341
-0.148045
-0.075381
-0.149907
-0.083804
-0.146550
-0.104343
-0.136570
-0.129948
-0.129917
-0.156529
-0.121769
-0.186316
-0.113620
-0.220038
-0.103397
-0.252205
-0.094424
-0.274087
-0.088229
-0.284280
-0.083560
-0.291757
-0.078097
-0.303598
-0.070956
-0.315317
-0.069552
-0.325510
-0.072054
-0.340342
-0.078280
-0.356059
-0.084567
-0.369701
-0.093509
-0.379925
-0.105380
-0.387890
-0.123722
-0.397961
-0.142613
-0.408032
-0.156163
-0.420423
-0.160588
-0.435377
-0.156224
-0.455947
-0.146611
-0.475509
-0.128636
-0.488632
-0.112003
-0.485153
-0.098209
-0.468734
-0.088839
-0.438490
-0.077181
-0.400525
-0.071413
-0.359172
-0.070376
-0.332377
-0.075167
-0.325297
-0.074526
-0.332926
-0.062136
-0.339915
-0.045381
-0.331614
-0.028718
-0.309000
-0.008972
-0.277078
0.011811
-0.234565
0.027711
-0.176794
0.037385
-0.116123
0.041536
-0.057253
0.040864
-0.017884
0.042970
-0.005280
0.048708
-0.016511
0.056795
-0.035707
0.063723
-0.052126
0.075747
-0.061220
0.092196
-0.059664
0.109836
-0.045930
0.125309
-0.029237
0.140996
-0.011139
0.150945
0.005524
0.152440
0.007508
0.150914
-0.003479
0.148320
-0.027223
0.149785
-0.046144
0.151311
-0.057009
0.153569
-0.048494
0.147435
-0.024079
0.136082
0.009369
0.119358
0.042634
0.104495
0.059725
0.097598
0.065432
0.096744
0.063143
0.107730
0.055330
0.124699
0.050447
0.143376
0.046602
0.164312
0.045076
0.182653
0.045198
0.196173
0.051668
0.200751
0.064791
0.195074
0.086154
0.179235
0.110019
0.163518
0.127628
0.154576
0.142766
0.149937
0.152654
0.149510
0.154820
0.150212
0.153539
0.152196
0.155187
0.154424
0.161046
0.150273
0.174261
0.140599
0.187201
0.128056
0.196905
0.119358
0.201727
0.116764
0.201209
0.115726
0.195318
0.116520
