-0.005219
-0.005219
-0.005646
-0.005585
-0.006043
-0.005646
-0.006104
-0.005371
-0.005860
-0.004883
-0.005341
-0.004151
-0.004639
-0.003235
-0.003723
-0.002136
-0.002655
-0.000946
-0.001465
0.000305
-0.000183
0.001648
0.001129
0.002930
0.002411
0.004120
0.003601
0.005127
0.004578
0.005829
0.005280
0.006287
0.005707
0.006531
0.005951
0.006653
0.006073
0.006684
0.006073
0.006561
0.005951
0.006195
0.005585
0.005524
0.004883
0.004517
0.003876
0.003235
0.002564
0.001740
0.001038
0.000153
-0.000488
-0.001312
-0.002045
-0.002686
-0.003418
-0.003845
-0.004608
-0.004730
-0.005493
-0.005310
-0.006104
-0.005585
-0.006378
-0.005554
-0.006348
-0.005188
-0.006012
-0.004608
-0.005432
-0.003784
-0.004639
-0.002808
-0.003662
-0.001709
-0.002594
-0.000580
-0.001465
0.000580
-0.000305
0.001740
0.000824
0.002869
0.001953
0.003937
0.002991
0.004852
0.003906
0.005585
0.004608
0.006043
0.005066
0.006226
0.005219
0.006165
0.005127
0.005890
0.004852
0.005463
0.004425
0.004913
0.003845
0.004212
0.003143
0.003327
0.002228
0.002258
0.001129
0.001068
-0.000061
-0.000183
-0.001343
-0.001404
-0.002594
-0.002503
-0.003693
-0.003357
-0.004578
-0.003937
-0.005188
-0.004242
-0.005524
-0.004242
-0.005524
-0.003967
-0.005280
-0.003479
-0.004791
-0.002808
-0.004151
-0.002014
-0.003388
-0.001160
-0.002533
-0.000244
-0.001679
0.000580
-0.000793
0.001434
0.000000
0.002228
0.000763
0.002960
0.001465
0.003662
0.002167
0.004334
0.002808
0.004913
0.003357
0.005432
0.003845
0.005768
0.004181
0.005951
0.004334
0.005982
0.004334
0.005799
0.004120
0.005432
0.003723
0.004883
0.003174
0.004120
0.002380
0.003113
0.001343
0.001862
0.000061
0.000397
-0.001404
-0.001160
-0.003021
-0.002808
-0.004669
-0.004364
-0.006287
-0.005799
-0.007721
-0.006989
-0.008942
-0.007904
-0.009888
-0.008484
-0.010498
-0.008728
-0.010773
-0.008606
-0.010681
-0.008179
-0.010254
-0.007416
-0.009522
-0.006409
-0.008545
-0.005158
-0.007294
-0.003662
-0.005860
-0.002014
-0.004242
-0.000244
-0.002472
0.001617
-0.000610
0.003540
0.001251
0.005432
0.003143
0.007233
0.004913
0.008820
0.006470
0.010102
0.007721
0.010987
0.008576
0.011383
0.008972
0.011261
0.008820
0.010590
0.008118
0.009430
0.006897
0.007904
0.005371
0.006256
0.003662
0.004608
0.002014
0.003082
0.000427
0.001679
-0.000946
0.000427
-0.002258
-0.000702
-0.003449
-0.001831
-0.004608
-0.002930
-0.005737
-0.003937
-0.006775
-0.004791
-0.007691
-0.005463
-0.008362
-0.005829
-0.008759
-0.005860
-0.008820
-0.005524
-0.008515
-0.004822
-0.007874
-0.003784
-0.006836
-0.002411
-0.005493
-0.000702
-0.003845
0.001221
-0.001923
0.003388
0.000214
0.005737
0.002503
0.008118
0.004852
0.010407
0.007141
0.012513
0.009186
0.014252
0.010895
0.015534
0.012146
0.016236
0.012818
0.016297
0.012848
0.015717
0.012238
0.014466
0.010956
0.012696
0.009156
0.010651
0.007050
0.008576
0.004944
0.006714
0.003021
0.005127
0.001404
0.003876
0.000122
0.002930
-0.000824
0.002197
-0.001617
0.001617
-0.002228
0.001221
-0.002655
0.000977
-0.002930
0.000977
-0.002991
0.001190
-0.002808
0.001648
-0.002380
0.002319
-0.001740
0.003235
-0.000855
0.004364
0.000183
0.005615
0.001404
0.007019
0.002777
0.008484
0.004212
0.010041
0.005737
0.011567
0.007233
0.013062
0.008667
0.014405
0.009980
0.015534
0.011078
0.016358
0.011872
0.016816
0.012268
0.016816
0.012238
0.016358
0.011750
0.015442
0.010773
0.014100
0.009400
0.012360
0.007630
0.010407
0.005615
0.008454
0.003601
0.006745
0.001862
0.005493
0.000580
0.004791
-0.000122
0.004639
-0.000336
0.004913
-0.000092
0.005463
0.000397
0.006226
0.001068
0.007050
0.001892
0.007935
0.002716
0.008881
0.003632
0.009827
0.004517
0.010773
0.005432
0.011658
0.006256
0.012482
0.007050
0.013215
0.007752
0.013886
0.008362
0.014435
0.008881
0.014954
0.009339
0.015412
0.009766
0.015809
0.010132
0.016144
0.010407
0.016419
0.010620
0.016541
0.010743
0.016541
0.010681
0.016388
0.010468
0.015992
0.010041
0.015412
0.009430
0.014649
0.008606
0.013764
0.007660
0.012726
0.006592
0.011689
0.005493
0.010712
0.004456
0.009796
0.003540
0.008972
0.002655
0.008148
0.001770
0.007385
0.000977
0.006836
0.000366
0.006653
0.000153
0.006989
0.000427
0.007813
0.001221
0.009125
0.002472
0.010773
0.004089
0.012635
0.005921
0.014557
0.007782
0.016419
0.009613
0.018189
0.011322
0.019776
0.012879
0.021180
0.014252
0.022370
0.015381
0.023316
0.016297
0.024049
0.016968
0.024537
0.017426
0.024842
0.017670
0.024964
0.017762
0.024964
0.017701
0.024812
0.017487
0.024537
0.017182
0.024110
0.016724
0.023591
0.016144
0.022919
0.015412
0.022156
0.014618
0.021302
0.013703
0.020386
0.012726
0.019440
0.011750
0.018525
0.010804
0.017609
0.009827
0.016694
0.008850
0.015717
0.007843
0.014771
0.006867
0.013977
0.006012
0.013398
0.005371
0.013123
0.005036
0.013123
0.005005
0.013367
0.005219
0.013794
0.005585
0.014344
0.006104
0.014954
0.006684
0.015656
