0.091311
0.091311
0.119816
0.092105
0.113193
0.090396
0.106326
0.086795
0.099307
0.081027
0.093661
0.072329
0.089877
0.061556
0.088443
0.050600
0.087497
0.041292
0.086367
0.031709
0.086001
0.020508
0.087649
0.009339
0.091342
-0.000824
0.095279
-0.010224
0.099094
-0.019257
0.103519
-0.031831
0.109317
-0.043153
0.114383
-0.048341
0.118778
-0.049898
0.123264
-0.049623
0.128666
-0.047243
0.134037
-0.044527
0.139134
-0.041261
0.142674
-0.034791
0.144810
-0.024781
0.146031
-0.013886
0.147404
-0.003815
0.148015
0.006012
0.146947
0.014801
0.144688
0.028443
0.141484
0.041078
0.138493
0.050783
0.135411
0.058382
0.131352
0.067965
0.127110
0.079836
0.125156
0.092776
0.123569
0.101627
0.121281
0.109043
0.117557
0.114963
0.114658
0.121067
0.113468
0.128178
0.111789
0.134617
0.110111
0.137272
0.110019
0.139622
0.111362
0.141057
0.112949
0.141057
0.115146
0.139103
0.119022
0.139012
0.122349
0.144566
0.123447
0.153569
0.122715
0.161168
0.122044
0.170507
0.120579
0.185644
0.117130
0.205817
0.111209
0.225196
0.104801
0.241646
0.098880
0.257210
0.091739
0.275491
0.083041
0.293710
0.074557
0.307321
0.067110
0.314890
0.061892
0.323191
0.057070
0.335856
0.049776
0.350536
0.040864
0.363140
0.032868
0.370586
0.027314
0.374157
0.022217
0.379284
0.016877
0.387219
0.010498
0.391583
0.006134
0.389386
0.004761
0.381237
0.006561
0.370983
0.008911
0.360942
0.011200
0.350414
0.014130
0.338694
0.019410
0.327403
0.026521
0.312540
0.034150
0.293374
0.043580
0.274422
0.051759
0.255074
0.058840
0.235969
0.065676
0.220222
0.069430
0.205573
0.073611
0.189764
0.079470
0.176031
0.084078
0.166662
0.087649
0.158055
0.091006
0.148076
0.094974
0.138218
0.100497
0.128483
0.105136
0.125462
0.107700
0.126011
0.109073
0.126194
0.110385
0.127537
0.110843
0.130100
0.109714
0.132298
0.107425
0.135044
0.103671
0.138798
0.097385
0.144597
0.089297
0.151494
0.080996
0.153935
0.075228
0.154698
0.069948
0.153447
0.065127
0.150853
0.060854
0.149602
0.056032
0.151006
0.050050
0.154546
0.043916
0.158147
0.037843
0.160466
0.031037
0.162267
0.024995
0.163579
0.021393
0.165807
0.020173
0.169713
0.018891
0.173650
0.019684
0.178137
0.021516
0.182440
0.024689
0.187170
0.030366
0.195624
0.036592
0.205176
0.042787
0.216315
0.049257
0.233314
0.053438
0.259072
0.054323
0.288919
0.054903
0.316355
0.056581
0.337748
0.060183
0.350810
0.066652
0.361278
