-0.032411
-0.032411
0.025056
-0.031037
0.025605
-0.029786
0.025544
-0.029023
0.026185
-0.027589
0.026185
-0.026826
0.026612
-0.025788
0.027039
-0.024812
0.027558
-0.023133
0.028352
-0.021027
0.028779
-0.019898
0.028993
-0.018372
0.029542
-0.016816
0.029328
-0.015961
0.030549
-0.015137
0.030000
-0.014405
0.030457
-0.013520
0.030122
-0.012513
0.030854
-0.011322
0.030885
-0.011017
0.031007
-0.009735
0.031007
-0.010407
0.030366
-0.009888
0.031159
-0.009735
0.029969
-0.009735
0.031556
-0.009186
0.031159
-0.010071
0.031678
-0.010712
0.032746
-0.011872
0.033265
-0.013153
0.033387
-0.015198
0.034455
-0.016999
0.034639
-0.018189
0.035188
-0.019349
0.035585
-0.020386
0.035707
-0.022401
0.035585
-0.023682
0.035279
-0.025330
0.035707
-0.026276
0.035249
-0.027345
0.034913
-0.028565
0.034608
-0.028901
0.034730
-0.029176
0.034700
-0.029084
0.035005
-0.029145
0.035859
-0.029603
0.036500
-0.031190
0.036378
-0.032228
0.036592
-0.032655
0.036470
-0.034577
0.036348
-0.034974
0.036348
-0.034761
0.035920
-0.034944
0.036225
-0.033967
0.035249
-0.032350
0.035554
-0.031281
0.035524
-0.030091
0.035859
-0.030183
0.035524
-0.030763
0.035371
-0.030702
0.036225
-0.032167
0.035066
-0.032289
0.035249
-0.031343
0.034913
-0.030763
0.034822
-0.029450
0.035218
-0.028169
0.035768
-0.026002
0.035127
-0.023713
0.034639
-0.020936
0.033357
-0.019166
0.033540
-0.017975
0.033448
-0.017273
0.033631
-0.015656
0.033113
-0.014618
0.032563
-0.013428
0.032838
-0.011750
0.032167
-0.010071
0.031983
-0.008362
0.031709
-0.006531
0.031495
-0.005341
0.030305
-0.003113
0.030396
-0.001526
0.029969
0.000122
0.029511
0.002747
0.029206
0.004547
0.029298
0.006531
0.028626
0.008545
0.027558
0.010224
0.027619
0.011994
0.026429
0.013276
0.025758
0.014313
0.025361
0.014435
0.025086
0.015351
0.024567
0.015229
0.024415
0.015229
0.024110
0.015046
0.023896
0.015046
0.023682
0.015137
0.022034
0.014496
0.021607
0.012879
0.020722
0.011719
0.020203
0.011200
0.020020
0.010315
0.018830
0.009919
0.018616
0.009369
0.018464
0.008942
0.017945
0.008972
0.017914
0.009186
0.017396
0.009278
0.016480
0.010193
0.015503
0.009857
0.015717
0.011353
0.015259
0.011902
0.014618
0.012726
0.015137
0.013276
0.013977
0.013123
0.013977
0.014100
0.014313
0.014405
0.013337
0.013642
0.012696
0.012574
0.011841
0.011719
0.011200
0.011078
0.011200
0.009796
0.010529
0.009278
0.010956
0.008820
0.009980
0.008759
0.009735
0.008637
0.009491
0.008759
