0.008148
0.008148
0.008423
0.007202
0.007416
0.005127
0.007416
0.003235
0.007080
0.001892
0.006226
-0.001221
0.005371
-0.002747
0.004944
-0.004120
0.004578
-0.005768
0.003906
-0.007416
0.002838
-0.008026
0.002716
-0.009247
0.001312
-0.010407
0.001282
-0.010895
0.000488
-0.011719
-0.000244
-0.011780
-0.000763
-0.013581
-0.000610
-0.015473
-0.000671
-0.017457
-0.001251
-0.019990
-0.001587
-0.021882
-0.002655
-0.023682
-0.003021
-0.026002
-0.004089
-0.027314
-0.004242
-0.029389
-0.005554
-0.032136
-0.005890
-0.034577
-0.007294
-0.037477
-0.008606
-0.040101
-0.008759
-0.040834
-0.009033
-0.042756
-0.010041
-0.043794
-0.010132
-0.044435
-0.010407
-0.044649
-0.010956
-0.044435
-0.010804
-0.044435
-0.011841
-0.044527
-0.011780
-0.043397
-0.012421
-0.042024
-0.013153
-0.040681
-0.013794
-0.040132
-0.015107
-0.038301
-0.016388
-0.036317
-0.017151
-0.035371
-0.017640
-0.035005
-0.017945
-0.033326
-0.018097
-0.031678
-0.019166
-0.029145
-0.019440
-0.026490
-0.020417
-0.024964
-0.021393
-0.023652
-0.021271
-0.022004
-0.022675
-0.020875
-0.023286
-0.018921
-0.023713
-0.015992
-0.023927
-0.013794
-0.025391
-0.012238
-0.025513
-0.010895
-0.026978
-0.009766
-0.027863
-0.008698
-0.028260
-0.006378
-0.028840
-0.004303
-0.029695
-0.001862
-0.029939
0.000305
-0.030488
0.002289
-0.030702
0.004913
-0.030427
0.006104
-0.030946
0.006317
-0.030732
0.006623
-0.031526
0.005676
-0.031312
0.005676
-0.031861
0.005219
-0.032258
0.007385
-0.031404
0.006958
-0.031312
0.007660
-0.031617
0.007996
-0.031861
0.007965
-0.031861
0.008240
-0.031709
0.007904
-0.032014
0.007233
-0.032472
0.007111
-0.032746
0.008362
-0.033509
0.009247
-0.033601
0.010071
-0.033906
0.011353
-0.034028
0.012665
-0.034242
0.014069
-0.033509
0.016541
-0.033265
0.019013
-0.033601
0.020600
-0.033723
0.021790
-0.034455
0.022858
-0.034455
0.023713
-0.035188
0.025117
-0.034883
0.025544
-0.035188
0.026185
-0.034791
0.026490
-0.034639
0.028413
-0.035279
0.029908
-0.035371
0.031312
-0.035859
0.032563
-0.035615
0.033723
-0.035463
0.034944
-0.035279
0.035707
-0.034700
0.036744
-0.033906
0.038118
-0.033326
0.040925
-0.032319
0.042085
-0.032533
0.043458
-0.032105
0.044649
-0.031953
0.044954
-0.031922
0.046663
-0.031373
0.046480
-0.031556
0.046144
-0.031526
0.046236
-0.031098
0.044740
-0.030671
0.042909
-0.030213
0.042177
-0.029786
0.042238
-0.029481
0.040864
-0.028840
0.040620
-0.029237
0.039674
-0.028932
0.038209
-0.028779
0.036683
-0.028687
0.033876
-0.028535
0.031922
-0.029145
0.028901
-0.028901
0.024903
-0.028962
0.021577
-0.029145
0.018921
-0.028871
0.016419
-0.029176
0.014710
-0.029359
0.012909
-0.029084
0.011505
-0.028565
0.009430
-0.027131
0.007508
-0.025605
0.006226
-0.024506
0.004303
-0.023713
0.002350
-0.023164
-0.000519
-0.023041
-0.002655
-0.022828
-0.005188
-0.023225
-0.006287
-0.024262
-0.007019
-0.023804
-0.007385
-0.023255
-0.007965
-0.023438
-0.008850
-0.023316
-0.008667
-0.024049
-0.008454
-0.022828
-0.006897
-0.022004
-0.006592
-0.022279
-0.005341
-0.021455
-0.004089
-0.020173
-0.003723
-0.019715
-0.002441
-0.018647
-0.001251
-0.018250
-0.000092
-0.017975
0.002472
-0.017762
0.004730
-0.016907
0.007172
-0.016572
0.009125
-0.016541
0.011200
-0.016083
0.014863
-0.015442
0.018525
-0.014557
0.021729
-0.014008
0.025208
-0.013184
0.027802
-0.012635
0.029572
-0.012604
0.033021
-0.012299
0.034425
-0.011353
0.036409
-0.010498
0.036042
-0.010315
0.036164
-0.010315
0.036531
-0.009674
0.036592
-0.009430
0.036287
-0.009430
0.035585
-0.008576
0.035218
-0.008789
0.035279
-0.007691
0.034852
-0.007263
0.035707
-0.006500
0.036317
-0.006287
0.035615
-0.006256
0.035249
-0.005280
0.033235
-0.005463
0.032563
-0.005036
0.031037
-0.004395
0.029298
-0.004395
0.028016
-0.003540
0.025391
-0.003204
0.022919
-0.002686
0.020173
-0.002350
0.017029
-0.002441
0.014649
-0.001587
0.012238
-0.000916
0.010834
-0.000061
0.008332
0.000580
0.006684
0.001221
0.004456
0.002533
0.001740
0.002869
-0.000824
0.004059
-0.003571
0.003571
-0.004883
0.004120
-0.005036
0.005005
-0.005860
0.004089
-0.004669
0.004852
-0.003754
0.005341
-0.003998
0.006073
-0.004089
0.006836
-0.004639
0.007843
-0.004547
0.007508
-0.004700
0.007935
-0.003815
0.008148
-0.003265
0.008271
-0.002167
0.008789
-0.001404
0.009125
-0.002014
0.008606
-0.002075
0.009583
-0.002503
0.010651
-0.003296
0.011200
-0.004028
0.011719
-0.003967
0.011994
-0.004364
0.013184
-0.004669
0.014100
-0.003754
0.014130
-0.003388
0.014374
-0.002960
0.013672
-0.002136
0.014100
-0.001556
0.013977
-0.000885
0.013581
-0.000488
0.013794
0.000244
0.013489
0.000183
0.015503
0.000092
0.015595
-0.000427
0.016572
-0.000946
0.017121
-0.001404
0.017121
-0.001801
0.018403
-0.002716
0.019044
-0.004089
0.018921
-0.005341
0.019623
-0.006867
0.019898
-0.009186
0.020325
-0.011048
0.021241
-0.013062
0.021119
-0.015259
0.021607
-0.016541
0.021180
-0.018555
0.022095
-0.018128
0.021393
-0.018952
0.021363
-0.020295
0.021851
-0.021332
0.020997
-0.023164
0.021485
-0.023988
0.022309
-0.025239
0.022919
-0.025544
