0.080355
0.080355
0.080569
0.080325
0.080538
0.080203
0.080386
0.079958
0.080142
0.079623
0.079806
0.079165
0.079379
0.078646
0.078829
0.077975
0.078158
0.077212
0.077395
0.076327
0.076510
0.075350
0.075503
0.074221
0.074404
0.073000
0.073153
0.071627
0.071780
0.070162
0.070315
0.068575
0.068728
0.066897
0.067019
0.065096
0.065218
0.063173
0.063295
0.061159
0.061281
0.059053
0.059145
0.056856
0.056948
0.054567
0.054659
0.052187
0.052248
0.049745
0.049806
0.047182
0.047243
0.044557
0.044618
0.041871
0.041932
0.039125
0.039155
0.036317
0.036317
0.033418
0.033448
0.030519
0.030519
0.027528
0.027528
0.024476
0.024476
0.021424
0.021393
0.018281
0.018281
0.015137
0.015137
0.011963
0.011963
0.008789
0.008759
0.005554
0.005524
0.002319
0.002289
-0.000916
-0.000946
-0.004151
-0.004212
-0.007416
-0.007477
-0.010712
-0.010743
-0.013977
-0.014008
-0.017212
-0.017243
-0.020447
-0.020478
-0.023682
-0.023713
-0.026856
-0.026887
-0.030000
-0.030061
-0.033143
-0.033174
-0.036225
-0.036256
-0.039247
-0.039308
-0.042268
-0.042299
-0.045228
-0.045289
-0.048158
-0.048219
-0.051057
-0.051088
-0.053865
-0.053926
-0.056642
-0.056703
-0.059389
-0.059420
-0.062044
-0.062075
-0.064638
-0.064699
-0.067141
-0.067202
-0.069613
-0.069674
-0.071963
-0.072054
-0.074282
-0.074343
-0.076479
-0.076540
-0.078585
-0.078646
-0.080599
-0.080660
-0.082492
-0.082553
-0.084292
-0.084353
-0.086001
-0.086062
-0.087558
-0.087649
-0.089022
-0.089114
-0.090365
-0.090457
-0.091586
-0.091678
-0.092685
-0.092807
-0.093692
-0.093783
-0.094577
-0.094668
-0.095340
-0.095462
-0.096011
-0.096103
-0.096561
-0.096652
-0.096988
-0.097110
-0.097324
-0.097415
-0.097507
-0.097629
-0.097598
-0.097720
-0.097568
-0.097690
-0.097415
-0.097537
-0.097140
-0.097262
-0.096744
-0.096866
-0.096225
-0.096377
-0.095614
-0.095767
-0.094913
-0.095035
-0.094058
-0.094180
-0.093112
-0.093234
-0.092044
-0.092166
-0.090854
-0.090945
-0.089511
-0.089633
-0.088046
-0.088168
-0.086459
-0.086550
-0.084719
-0.084811
-0.082827
-0.082949
-0.080813
-0.080935
-0.078677
-0.078799
-0.076388
-0.076510
-0.073977
-0.074099
-0.071444
-0.071566
-0.068789
-0.068911
-0.066012
-0.066103
-0.063112
-0.063204
-0.060091
-0.060183
-0.056948
-0.057009
-0.053682
-0.053743
-0.050264
-0.050325
-0.046754
-0.046815
-0.043123
-0.043153
-0.039369
-0.039430
-0.035554
-0.035615
-0.031678
-0.031739
-0.027711
-0.027772
-0.023713
-0.023774
-0.019684
-0.019715
-0.015595
-0.015595
-0.011444
-0.011475
-0.007294
-0.007294
-0.003082
-0.003082
0.001099
