0.084536
0.084536
0.079318
0.028138
0.027589
0.003693
0.003357
0.062838
0.057375
0.120609
0.112644
0.082919
0.079379
-0.007569
-0.005463
-0.040010
-0.037721
-0.003784
-0.004975
-0.004822
-0.004639
-0.105716
-0.097842
-0.193213
-0.181738
-0.098697
-0.097110
0.117893
0.106021
0.179846
0.169408
0.013520
0.016816
-0.120731
-0.112033
-0.057070
-0.056398
0.051698
0.046144
0.041902
0.039857
-0.039247
-0.035432
-0.094546
-0.088656
-0.105533
-0.100131
-0.054079
-0.053346
0.125187
0.113163
0.334758
0.312113
0.286996
0.274148
0.007813
0.014069
-0.096713
-0.090365
0.117100
0.104862
0.246132
0.231361
-0.067385
-0.055055
-0.488632
-0.453413
-0.521165
-0.494766
-0.139927
-0.143162
0.100833
0.091372
-0.185888
-0.168432
-0.499649
-0.466994
-0.474105
-0.450240
-0.334330
-0.320719
-0.302683
-0.287454
-0.376110
-0.355022
-0.344890
-0.328929
-0.138707
-0.137333
0.066286
0.057772
0.005921
0.007965
-0.212531
-0.196814
-0.199835
-0.190924
0.026490
0.019196
0.102603
0.096347
-0.208167
-0.188421
-0.603534
-0.563066
-0.685751
-0.648976
-0.555254
-0.529740
-0.498917
-0.474441
-0.530808
-0.502792
-0.554949
-0.525681
-0.619739
-0.586047
-0.681570
-0.645283
-0.640248
-0.608570
-0.507614
-0.485305
-0.323862
-0.312479
-0.082125
-0.084933
0.119144
0.108188
0.053255
0.052644
-0.132023
-0.121403
-0.148137
-0.140599
-0.050081
-0.050264
0.022614
0.019227
0.044588
0.041505
0.081790
0.075930
0.161229
0.150517
0.223762
0.210578
0.139470
0.135044
-0.105014
-0.093295
-0.246498
-0.231025
-0.147710
-0.142766
-0.022950
-0.024537
-0.061830
-0.057375
-0.156804
-0.146611
-0.113010
-0.108951
0.058443
0.050905
0.170019
0.158879
0.114963
0.110599
-0.011383
-0.007385
-0.141697
-0.130497
-0.274331
-0.256752
-0.236091
-0.225745
0.037019
0.028199
0.207801
0.193854
0.032807
0.036287
-0.224342
-0.206458
-0.242286
-0.229499
-0.125431
-0.121403
-0.126560
-0.119358
-0.242897
-0.227027
-0.295877
-0.279458
-0.169927
-0.164708
0.000671
-0.003021
-0.042421
-0.037996
-0.235908
-0.218757
-0.267037
-0.252876
-0.064730
-0.066713
0.176702
0.161504
0.365490
0.341655
0.521226
0.490799
0.504593
0.480148
0.295267
0.285562
0.182531
0.175634
0.255196
0.240303
0.358104
0.337077
0.459609
0.433271
0.563921
0.532487
0.570940
0.541887
0.463301
0.442366
0.382519
0.364849
0.372570
0.353893
0.361187
0.343150
0.333567
0.317392
0.290262
0.276742
0.223060
0.213660
0.132023
0.128056
0.057070
0.056307
0.041841
0.040437
0.034211
0.033174
-0.017396
-0.014771
-0.073702
-0.068178
-0.028291
