-0.231735
-0.231735
-0.660165
0.101157
0.544793
-0.188264
-0.382479
0.288430
0.013223
-0.444297
0.184793
0.661322
-0.058016
-0.486116
-0.084628
-0.105289
-0.113058
0.297521
0.233388
-0.197521
-0.245785
0.057355
0.052231
-0.158347
0.095537
0.218182
0.007603
0.038016
0.014380
0.139339
0.084463
-0.374380
-0.347107
0.107934
0.285455
0.141653
-0.078347
-0.067107
0.320661
0.004793
-0.264132
0.215372
0.084297
-0.335702
0.085785
0.369091
-0.017025
-0.125785
-0.040826
-0.104628
0.102314
0.260992
-0.119008
-0.218843
0.179669
0.080165
-0.261157
-0.045289
-0.084297
-0.296529
0.118678
0.413554
-0.018347
-0.253884
0.116529
0.054711
-0.230413
0.013719
0.225950
0.128760
-0.084959
-0.159173
-0.091735
-0.059504
0.030909
0.080826
-0.165455
-0.162479
0.154876
0.131570
-0.078347
0.018016
0.290578
0.018678
-0.374215
-0.170744
0.072727
-0.083471
0.042645
0.352893
-0.108926
-0.422314
0.212562
0.223636
-0.122810
0.129587
0.139008
-0.233554
-0.250413
0.219504
0.181157
-0.043140
0.210744
0.133058
-0.228926
-0.114215
0.061488
0.074711
-0.024297
-0.193388
-0.016694
0.122479
-0.086281
-0.123140
0.206281
0.349091
0.270413
0.100165
-0.155372
-0.177190
0.053719
-0.126777
-0.153388
0.333058
0.091735
-0.450744
-0.245289
-0.093554
-0.065785
0.389421
0.425785
-0.206612
-0.230578
-0.049421
-0.075207
0.066446
0.200992
-0.078512
-0.513058
-0.218678
0.145785
-0.103471
-0.113223
0.256198
0.191240
0.085950
0.143471
-0.236364
-0.341653
0.206116
0.341983
-0.142314
-0.213223
-0.044959
-0.150744
-0.178512
0.186942
0.471570
0.094215
-0.255537
-0.135868
-0.001322
0.031405
0.111240
0.266446
0.044793
-0.217851
-0.009256
0.111405
0.082645
0.230578
0.145950
-0.100992
-0.062479
0.106942
0.176529
-0.184297
-0.071570
0.247107
-0.055041
-0.005289
0.097025
-0.265620
0.002314
0.369917
-0.104298
-0.318678
-0.062314
0.043802
-0.019835
-0.265124
-0.222975
0.208595
0.311736
-0.111570
-0.260000
0.050909
0.184297
0.189091
0.229091
0.004793
-0.148760
-0.150744
-0.253223
-0.014050
0.309752
0.186281
0.038016
-0.054876
-0.301653
-0.154215
0.403802
0.377190
-0.167438
-0.181488
0.048264
-0.156364
-0.184132
0.107603
-0.101488
-0.100992
0.484463
0.483967
-0.247107
-0.329091
0.206446
0.352231
0.115702
-0.206942
-0.249752
-0.153223
0.038678
0.224959
0.061818
0.120331
0.135372
-0.281818
-0.307603
-0.014545
0.191736
0.202645
-0.096529
-0.153058
-0.018512
-0.096364
0.055372
0.205124
-0.107769
-0.087273
0.267438
0.143967
-0.066446
-0.069091
-0.076694
-0.127273
0.029587
