-0.083254
-0.083254
-0.088443
-0.093020
-0.099551
-0.099490
-0.106967
-0.102420
-0.110630
-0.102725
-0.111240
-0.101779
-0.110233
-0.101016
-0.109226
-0.101382
-0.109439
-0.102603
-0.110721
-0.103030
-0.111484
-0.101108
-0.109806
-0.096133
-0.104862
-0.088260
-0.096713
-0.077761
-0.085665
-0.066164
-0.073061
-0.054323
-0.060213
-0.043397
-0.048280
-0.034455
-0.038240
-0.028016
-0.030854
-0.024384
-0.026551
-0.022950
-0.024781
-0.022889
-0.024598
-0.023499
-0.025117
-0.024323
-0.026002
-0.025086
-0.026917
-0.025361
-0.027314
-0.024384
-0.026460
-0.021180
-0.023347
-0.015809
-0.017914
-0.009583
-0.011109
-0.003967
-0.004913
0.000000
-0.000214
0.002686
0.002869
0.004395
0.004791
0.004975
0.005676
0.003021
0.004028
-0.003082
-0.001801
-0.013825
-0.012787
-0.028718
-0.028413
-0.045717
-0.046693
-0.062441
-0.065004
-0.075259
-0.079745
-0.081454
-0.087649
-0.081240
-0.088290
-0.077639
-0.084506
-0.074465
-0.080691
-0.073397
-0.079318
-0.074252
-0.079958
-0.075686
-0.081484
-0.076205
-0.082217
-0.073824
-0.080294
-0.067598
-0.074190
-0.058657
-0.064760
-0.049684
-0.054811
-0.042970
-0.047121
-0.038453
-0.041963
-0.034730
-0.037873
-0.029023
-0.032197
-0.019318
-0.022614
-0.002655
-0.005829
0.021516
0.019166
0.051241
0.050752
0.082095
0.084567
0.108371
0.113804
0.126560
0.135044
0.132817
0.143925
0.126530
0.139012
0.110965
0.123051
0.092685
0.103275
0.076846
0.085482
0.065249
0.072237
0.058382
0.064180
0.056032
0.060945
0.057649
0.062075
0.062014
0.066317
0.068087
0.072848
0.074160
0.079592
0.078585
0.084719
0.079409
0.086367
0.074068
0.081759
0.061037
0.068850
0.041841
0.048830
0.020295
0.025605
0.001099
0.004212
-0.015534
-0.014039
-0.032014
-0.031678
-0.051363
-0.051881
-0.073641
-0.075686
-0.096591
-0.100558
-0.118320
-0.124363
-0.135166
-0.143651
-0.143498
-0.154302
-0.140263
-0.152684
-0.128208
-0.140721
-0.113132
-0.124577
-0.100589
-0.110294
-0.092837
-0.100986
-0.089694
-0.096896
-0.091464
-0.098056
-0.096896
-0.103336
-0.104953
-0.111759
-0.114017
-0.121464
-0.122623
-0.131046
-0.128330
-0.137822
-0.129063
-0.139561
-0.122135
-0.133488
-0.105319
-0.117069
-0.078341
-0.089450
-0.045351
-0.054353
-0.013428
-0.019288
0.012787
0.010529
0.029115
0.029939
0.032624
0.035920
0.024476
0.028626
0.011292
0.014557
0.001221
0.002869
-0.001434
-0.001312
0.001801
0.001434
0.007172
0.007172
0.013123
0.013459
0.019501
0.020173
0.026246
0.027406
0.034791
0.036378
0.046968
0.048616
0.063723
0.065920
0.083041
0.086978
0.098972
0.105167
0.105502
