0.214698
0.214698
0.291360
0.361919
0.402448
0.399091
0.355174
0.295267
0.243812
0.191778
0.102939
-0.028291
-0.179327
-0.302164
-0.371654
-0.386181
-0.358715
-0.326609
-0.310282
-0.309153
-0.294229
-0.246559
-0.171148
-0.103030
-0.058809
-0.034089
-0.008087
0.025727
0.066042
0.107913
0.147801
0.182012
0.217933
0.267342
0.332926
0.386090
0.400159
0.368175
0.329295
0.302652
0.269906
0.196081
0.069124
-0.092410
-0.241218
-0.348460
-0.391186
-0.392315
-0.379162
-0.383923
-0.406323
-0.423353
-0.405530
-0.363781
-0.320597
-0.293985
-0.272774
-0.241920
-0.189703
-0.122318
-0.044923
0.039277
0.127903
0.223609
0.330058
0.436140
0.520341
0.550340
0.534623
0.496048
0.460768
0.425245
0.360637
0.225867
0.042451
-0.144505
-0.270852
-0.331217
-0.352306
-0.373760
-0.408765
-0.442366
-0.450117
-0.430097
-0.387707
-0.330821
-0.275674
-0.233222
-0.202582
-0.162481
-0.100131
-0.023194
0.046663
0.112247
0.206244
0.335673
0.470016
0.544176
0.549944
0.518632
0.497421
0.491073
0.469619
0.388867
0.254128
0.086306
-0.079073
-0.210242
-0.292337
-0.323832
-0.339152
-0.359416
-0.387371
-0.401837
-0.385632
-0.335856
-0.281350
-0.241066
-0.216254
-0.184484
-0.132176
-0.062044
0.006531
0.070986
0.153600
0.270638
0.415387
0.549944
0.640004
0.678854
0.680776
0.676138
0.669332
0.638417
0.561296
0.428144
0.246315
0.057833
-0.108982
-0.231117
-0.319285
-0.386120
-0.444746
-0.500687
-0.544816
-0.555986
-0.535356
-0.496414
-0.459883
-0.428571
-0.388684
-0.323435
-0.245155
-0.170080
-0.100803
-0.015412
0.103793
0.255104
0.398236
0.501267
0.544450
0.559374
0.574236
0.602313
0.619221
0.590686
0.480911
0.316996
0.133976
-0.025758
-0.150731
-0.248604
-0.334910
-0.420637
-0.499161
-0.545671
-0.551073
-0.521165
-0.478500
-0.445753
-0.420911
-0.384777
-0.330882
-0.269021
-0.213080
-0.155217
-0.073397
0.057649
0.219459
0.383953
0.515854
0.609516
0.673818
0.725944
0.778039
0.818476
0.805780
0.722251
0.572924
0.389050
0.216529
0.070986
-0.047578
-0.154241
-0.253487
-0.340465
-0.408704
-0.450697
-0.461013
-0.457106
-0.452406
-0.449232
-0.433912
-0.395489
-0.336589
-0.277871
-0.222968
-0.149937
-0.036805
0.119449
0.294809
0.446059
0.552110
0.614246
0.668294
0.730888
0.787164
0.799982
0.744163
0.612751
0.452071
0.292825
0.152074
0.021393
-0.108402
-0.239357
-0.362804
-0.466018
-0.534318
-0.576434
-0.604450
-0.624866
-0.630726
-0.609333
-0.555376
-0.492691
-0.436506
-0.379833
-0.294443
-0.159459
0.027985
0.222297
0.387005
0.496628
0.578936
0.661214
