0.122013
0.122013
0.178259
0.192267
0.201239
0.242378
0.275338
0.239021
0.154485
0.114658
0.125004
0.102054
-0.035615
-0.197668
-0.281838
-0.268654
-0.269662
-0.326579
-0.385846
-0.402020
-0.413282
-0.469222
-0.504624
-0.438917
-0.289132
-0.216956
-0.299783
-0.462691
-0.538804
-0.498093
-0.433760
-0.421613
-0.416272
-0.331706
-0.225043
-0.212470
-0.359386
-0.514725
-0.548692
-0.445143
-0.354228
-0.336192
-0.332560
-0.276437
-0.208411
-0.217994
-0.264504
-0.255409
-0.163366
-0.114139
-0.177007
-0.269478
-0.240455
-0.083590
0.056429
0.083071
0.055116
0.099673
0.198553
0.258248
0.249458
0.308756
0.527451
0.829798
0.999695
0.958434
0.792047
0.673482
0.629749
0.596515
0.540330
0.498123
0.497391
0.478713
0.393902
0.271493
0.211188
0.249336
0.340068
0.392590
0.384991
0.340678
0.288369
0.216407
0.108066
-0.002258
-0.077914
-0.121555
-0.195990
-0.323985
-0.431959
-0.421430
-0.289438
-0.156590
-0.134861
-0.200079
-0.222236
-0.145878
-0.028443
0.030854
0.038331
0.048708
0.090335
0.125187
0.140446
0.181066
0.268014
0.353832
0.346355
0.259682
0.157659
0.093265
0.040986
-0.018128
-0.045198
-0.009857
0.057100
0.075961
0.044465
0.025178
0.086123
0.182379
0.250069
0.257363
0.244972
0.223334
0.154881
0.048402
-0.020356
0.069491
0.262337
0.413923
0.355754
0.165380
-0.012696
-0.068545
-0.078494
-0.112644
-0.145085
-0.112766
-0.052675
-0.110904
-0.301706
-0.505692
-0.545579
-0.455519
-0.348735
-0.308298
-0.290750
-0.275063
-0.328288
-0.470595
-0.616657
-0.600787
-0.444838
-0.276864
-0.230934
-0.247566
-0.236854
-0.196173
-0.225593
-0.352977
-0.470229
-0.464980
-0.361553
-0.294412
-0.314219
-0.346141
-0.279611
-0.166112
-0.119175
-0.214454
-0.334880
-0.364055
-0.256325
-0.123966
-0.043153
-0.026704
-0.026460
-0.044710
-0.118748
-0.208411
-0.220679
-0.059755
0.177709
0.367809
0.440809
0.497330
0.609943
0.744316
0.803491
0.780969
0.757073
0.764580
0.738578
0.604663
0.453200
0.396435
0.461776
0.505295
0.447523
0.338694
0.303476
0.362651
0.444044
0.480453
0.476028
0.439558
0.359172
0.227668
0.092654
0.013977
-0.010895
-0.041200
-0.106937
-0.174749
-0.187017
-0.163549
-0.149602
-0.157903
-0.131260
-0.033876
0.094089
0.160833
0.148534
0.129734
0.175726
0.269173
0.348216
0.414808
0.514237
0.633412
0.664418
0.556627
0.405225
0.369488
0.452956
0.497208
0.407270
0.258431
0.212745
0.266579
0.323466
0.330363
0.370128
0.483566
0.567827
0.510269
0.351024
0.269814
0.324564
0.420911
0.435957
0.420087
0.460097
0.534776
