-0.249611
-0.249611
-0.200934
-0.193457
-0.250130
-0.332621
-0.357952
-0.312723
-0.241829
-0.225715
-0.288491
-0.412458
-0.548967
-0.640980
-0.655232
-0.572680
-0.443800
-0.312723
-0.226539
-0.195044
-0.217719
-0.289193
-0.375256
-0.451247
-0.503464
-0.552446
-0.617298
-0.694754
-0.748375
-0.752922
-0.713645
-0.680929
-0.682882
-0.719169
-0.752953
-0.757103
-0.699911
-0.584704
-0.430342
-0.293527
-0.222205
-0.217689
-0.234840
-0.222907
-0.181524
-0.141179
-0.117038
-0.095126
-0.056337
-0.017273
-0.009033
-0.062044
-0.147954
-0.226112
-0.248054
-0.220771
-0.175176
-0.154942
-0.164434
-0.181310
-0.176580
-0.155370
-0.134159
-0.121342
-0.108402
-0.096622
-0.108188
-0.148564
-0.198004
-0.215857
-0.196997
-0.161351
-0.136540
-0.128269
-0.133030
-0.148930
-0.164159
-0.163121
-0.141667
-0.135350
-0.172521
-0.235267
-0.251350
-0.185858
-0.075716
-0.013001
-0.026368
-0.069216
-0.061281
0.018708
0.140751
0.243110
0.299020
0.305490
0.301462
0.314615
0.347789
0.357494
0.306040
0.191595
0.085910
0.037019
0.046846
0.053224
0.028993
-0.001648
0.007965
0.065950
0.140904
0.197424
0.242531
0.313242
0.413862
0.511795
0.555010
0.560045
0.580309
0.672353
0.788202
0.841762
0.746422
0.569750
0.412824
0.375072
0.419294
0.475509
0.481277
0.455306
0.433271
0.439161
0.461837
0.495682
0.541154
0.580370
0.589465
0.567766
0.570421
0.633778
0.728446
0.765954
0.715232
0.629292
0.592334
0.606037
0.601093
0.542161
0.466933
0.449019
0.480667
0.507797
0.479446
0.432783
0.419080
0.456862
0.492264
0.498093
0.515732
0.608142
0.775323
0.932340
0.998810
0.976257
0.925230
0.897214
0.884823
0.864498
0.836970
0.806421
0.750206
0.654592
0.541368
0.476424
0.477004
0.503006
0.478317
0.403851
0.342692
0.384442
0.499069
0.601642
0.590930
0.499924
0.409070
0.398144
0.432020
0.441176
0.363414
0.239326
0.127842
0.075838
0.054903
0.033815
0.017945
0.039644
0.091739
0.087771
-0.022340
-0.183935
-0.231056
-0.117679
0.058687
0.109317
0.016663
-0.111362
-0.135746
-0.083010
-0.041261
-0.074190
-0.127812
-0.149205
-0.133152
-0.128727
-0.151006
-0.169195
-0.157537
-0.134312
-0.145177
-0.182653
-0.200995
-0.159581
-0.109989
-0.114078
-0.181005
-0.215461
-0.158055
-0.044801
0.005280
-0.040986
-0.098514
-0.062471
0.053713
0.124607
0.084628
-0.009949
-0.036531
0.003601
0.016877
-0.088656
-0.223243
-0.265633
-0.161565
-0.049226
-0.032441
-0.103275
-0.127689
-0.055483
0.041292
0.053652
-0.019105
-0.081057
-0.070345
-0.024110
-0.029420
-0.085665
-0.130192
-0.098636
