0.129307
0.129307
0.289193
0.406659
0.472549
0.493667
0.488205
0.473312
0.453597
0.419507
0.356853
0.261361
0.146001
0.035585
-0.049226
-0.105380
-0.150700
-0.211982
-0.307382
-0.434339
-0.571551
-0.689840
-0.765587
-0.786187
-0.749290
-0.657155
-0.516587
-0.338969
-0.143529
0.045198
0.203467
0.318094
0.390545
0.433302
0.460768
0.478713
0.481094
0.457259
0.402783
0.327311
0.251564
0.195044
0.162511
0.140538
0.104617
0.034272
-0.075961
-0.214942
-0.361614
-0.494949
-0.597797
-0.655690
-0.655232
-0.588244
-0.457045
-0.280465
-0.089389
0.083956
0.219977
0.317026
0.386517
0.440474
0.481033
0.498917
0.483200
0.431288
0.355388
0.276437
0.212989
0.171209
0.143376
0.114566
0.071444
0.008087
-0.075106
-0.174200
-0.282510
-0.389111
-0.476638
-0.522904
-0.508957
-0.426832
-0.285012
-0.107089
0.076052
0.237800
0.363353
0.451613
0.509842
0.544053
0.552873
0.528733
0.466018
0.369213
0.254799
0.143773
0.050722
-0.023499
-0.089969
-0.162145
-0.247322
-0.344035
-0.445845
-0.547319
-0.644307
-0.730583
-0.790918
-0.803705
-0.747826
-0.615162
-0.418195
-0.186316
0.046052
0.252937
0.423261
0.557360
0.657186
0.718131
0.730216
0.686941
0.593677
0.469039
0.336375
0.212073
0.099033
-0.010407
-0.124638
-0.245216
-0.366039
-0.480270
-0.585894
-0.685629
-0.780602
-0.861476
-0.907224
-0.892544
-0.801080
-0.635090
-0.416181
-0.174261
0.064608
0.286233
0.485427
0.657765
0.792077
0.871181
0.881314
0.822230
0.710624
0.573931
0.437666
0.315653
0.208197
0.107456
0.005249
-0.103793
-0.223151
-0.356029
-0.503769
-0.661702
-0.813898
-0.935514
-0.999725
-0.988281
-0.898190
-0.741966
-0.540208
-0.312906
-0.074435
0.166265
0.400403
0.613880
0.787164
0.900388
0.941649
0.913297
0.832148
0.722404
0.604663
0.489639
0.377392
0.262490
0.140416
0.009186
-0.131962
-0.284768
-0.450850
-0.625233
-0.792108
-0.925108
-0.995972
-0.985717
-0.893246
-0.733604
-0.529160
-0.299570
-0.057344
0.188910
0.426862
0.636708
0.795251
0.885006
0.902188
0.858760
0.775964
0.675161
0.570574
0.469100
0.372448
0.280984
0.193579
0.103824
-0.000214
-0.132878
-0.301279
-0.496048
-0.690329
-0.847194
-0.934263
-0.936216
-0.856929
-0.712882
-0.521775
-0.296854
-0.048189
0.210425
0.456862
0.663503
0.806116
0.873623
0.870663
0.814936
0.728050
0.628163
0.526688
0.428449
0.336650
0.252815
0.176000
0.098422
0.005524
-0.118809
-0.280679
-0.468093
-0.651936
-0.797571
-0.879971
-0.892209
-0.841792
-0.740471
-0.595019
-0.407483
-0.183935
0.058229
0.289712
0.479781
