-0.347484
-0.347484
-0.326426
-0.281716
-0.187780
-0.068880
0.003845
0.056093
0.120548
0.229438
0.310007
0.335063
0.313242
0.294931
0.278146
0.235145
0.173803
0.115482
0.100406
0.108860
0.141728
0.182257
0.237220
0.274789
0.292978
0.299356
0.303903
0.290384
0.241005
0.193823
0.182531
0.212683
0.189032
0.156285
0.116764
0.118595
0.090793
-0.013398
-0.119572
-0.185308
-0.173742
-0.175695
-0.179601
-0.182714
-0.119572
-0.032380
0.043367
0.081698
0.093387
0.116916
0.129246
0.147954
0.116398
0.069216
-0.026399
-0.101749
-0.185186
-0.267708
-0.406476
-0.555010
-0.654012
-0.683645
-0.674429
-0.705069
-0.704184
-0.652455
-0.494430
-0.372692
-0.297830
-0.279122
-0.191565
-0.078097
0.010346
0.035035
0.046602
0.126255
0.218635
0.303903
0.301798
0.306345
0.289071
0.301798
0.269448
0.237739
0.193579
0.182928
0.211768
0.275430
0.366649
0.418104
0.463210
0.481246
0.546495
0.560015
0.532853
0.431349
0.381603
0.374462
0.374462
0.300394
0.180456
0.106632
0.065828
0.017487
-0.127232
-0.262368
-0.353191
-0.338115
-0.337474
-0.339549
-0.340190
-0.264565
-0.152043
-0.054323
0.007874
0.041658
0.099887
0.138615
0.186041
0.177587
0.159642
0.089755
0.036592
-0.028474
-0.090060
-0.203497
-0.344493
-0.452589
-0.500809
-0.509659
-0.559282
-0.599841
-0.601764
-0.497940
-0.407910
-0.358531
-0.364360
-0.306925
-0.204932
-0.107486
-0.074587
-0.071352
0.003723
0.119633
0.224219
0.232673
0.234382
0.233711
0.263466
0.242439
0.202918
0.157842
0.152257
0.186163
0.246315
0.327525
0.388104
0.436689
0.459181
0.512436
0.533250
0.512955
0.416547
0.348704
0.324290
0.317270
0.231635
0.086612
-0.028077
-0.085116
-0.136570
-0.269112
-0.408155
-0.483016
-0.439222
-0.392956
-0.369427
-0.359050
-0.270821
-0.140477
-0.030946
0.022309
0.056612
0.117038
0.172765
0.221107
0.220862
0.218787
0.175115
0.138859
0.077914
0.027772
-0.069918
-0.188574
-0.302377
-0.355785
-0.370495
-0.408307
-0.455458
-0.475204
-0.392956
-0.313303
-0.258217
-0.280679
-0.243782
-0.168798
-0.076296
-0.065249
-0.072268
-0.033540
0.060366
0.148747
0.186926
0.183172
0.183966
0.225929
0.199408
0.178503
0.141728
0.165105
0.210852
0.292581
0.387432
0.473067
0.558702
0.616260
0.704642
0.740226
0.753227
0.687094
0.659536
0.633045
0.612110
0.499588
0.340007
0.187201
0.059084
-0.077975
-0.286264
-0.468703
-0.591510
-0.589557
-0.594104
-0.573199
-0.554216
-0.446760
-0.323313
-0.212073
-0.150243
-0.105014
-0.034181
0.019715
0.073763
0.067537
0.074923
0.034791
