-0.002014
-0.002014
-0.001343
0.000000
0.002014
0.003021
0.005036
0.006714
0.008393
0.010071
0.011078
0.012421
0.013764
0.015778
0.017121
0.017792
0.018799
0.019135
0.020478
0.021790
0.021790
0.023133
0.024140
0.025147
0.025819
0.026490
0.027161
0.028504
0.029176
0.030183
0.031526
0.032868
0.034883
0.035890
0.036897
0.037904
0.039247
0.040590
0.041261
0.042604
0.043275
0.043275
0.044618
0.045289
0.045961
0.046297
0.046632
0.046968
0.047304
0.048311
0.048311
0.047975
0.048982
0.049318
0.048647
0.049318
0.048647
0.047639
0.047304
0.045961
0.044282
0.043947
0.042940
0.041597
0.040254
0.038240
0.036561
0.035218
0.033876
0.032533
0.030519
0.028840
0.026490
0.025483
0.024476
0.023133
0.021455
0.019471
0.018128
0.015778
0.014435
0.012757
0.010071
0.007721
0.005036
0.003693
0.001343
0.000000
-0.001679
-0.004364
-0.006714
-0.009400
-0.012085
-0.013428
-0.014435
-0.016114
-0.018464
-0.020447
-0.022126
-0.022797
-0.024140
-0.025819
-0.026826
-0.028504
-0.029176
-0.030183
-0.031190
-0.032533
-0.033540
-0.034883
-0.035890
-0.037233
-0.038575
-0.038911
-0.040254
-0.040925
-0.041932
-0.042604
-0.043947
-0.044618
-0.044618
-0.044618
-0.045625
-0.045625
-0.045625
-0.045961
-0.045625
-0.045961
-0.045961
-0.046297
-0.046968
-0.046968
-0.046968
-0.047639
-0.048311
-0.048982
-0.048311
-0.049318
-0.049989
-0.049989
-0.050661
-0.050996
-0.052004
-0.052004
-0.051668
-0.051332
-0.050996
-0.050325
-0.049654
-0.047639
-0.046968
-0.045961
-0.043947
-0.042604
-0.041261
-0.038911
-0.037233
-0.035218
-0.032533
-0.030183
-0.028169
-0.026490
-0.024812
-0.022126
-0.019471
-0.017121
-0.015442
-0.013092
-0.010743
-0.008057
-0.005707
-0.003357
-0.001343
-0.000336
0.001679
0.003357
0.005036
0.007721
0.008728
0.011414
0.012421
0.013428
0.015442
0.016449
0.017457
0.018799
0.019471
0.020783
0.021455
0.022462
0.024476
0.025147
0.026490
0.027833
0.029847
0.030519
0.032197
0.033876
0.034883
0.036225
0.037233
0.038911
0.039583
0.040925
0.043275
0.044618
0.045625
0.046297
0.047304
0.047975
0.048982
0.050325
0.050996
0.052339
0.052004
0.054018
0.054018
0.053682
0.054018
0.054689
0.055361
0.055025
0.055361
0.054353
0.054018
0.054353
0.053346
0.053011
0.051332
0.049989
0.049654
0.047975
0.046968
0.045625
0.044954
0.043611
0.041261
0.039918
0.038575
0.036897
0.034547
0.033540
0.031861
0.029176
0.026826
0.025147
0.022797
0.020783
0.018464
0.015107
0.013428
0.011750
0.008728
0.006378
0.003693
0.001343
