0.008820
0.008820
0.009400
0.010163
0.010743
0.011658
0.012879
0.014588
0.016846
0.019105
0.021699
0.023988
0.026002
0.027833
0.029054
0.030183
0.031220
0.031892
0.032563
0.033021
0.033479
0.033357
0.033021
0.032563
0.031678
0.030763
0.029511
0.028169
0.026795
0.024873
0.022950
0.020814
0.018647
0.016511
0.014466
0.012787
0.011078
0.009735
0.008240
0.007019
0.005768
0.004517
0.003174
0.001801
0.000336
-0.001251
-0.002838
-0.004517
-0.006439
-0.008484
-0.010620
-0.012543
-0.014588
-0.016633
-0.018220
-0.019898
-0.021485
-0.023286
-0.024873
-0.026460
-0.028260
-0.030305
-0.032350
-0.034364
-0.036287
-0.038331
-0.040376
-0.042177
-0.043764
-0.045228
-0.046358
-0.047273
-0.047609
-0.047609
-0.047273
-0.046602
-0.045228
-0.043550
-0.041841
-0.039705
-0.037416
-0.034822
-0.031770
-0.028718
-0.025452
-0.022065
-0.018647
-0.015381
-0.012207
-0.009033
-0.005982
-0.002930
-0.000214
0.002136
0.004181
0.005646
0.006897
0.007691
0.008484
0.009156
0.009613
0.010407
0.011200
0.012452
0.013794
0.015717
0.017640
0.019684
0.021699
0.023621
0.025330
0.027253
0.029176
0.030885
0.032563
0.034486
0.036073
0.037538
0.039003
0.039918
0.040498
0.041169
0.041169
0.040712
0.040254
0.039705
0.038789
0.037416
0.035493
0.033479
0.030976
0.028047
0.024873
0.021821
0.018891
0.015931
0.013581
0.011658
0.009949
0.008606
0.007477
0.005982
0.004852
0.003510
0.001709
-0.000458
-0.002594
-0.004975
-0.007111
-0.009278
-0.011322
-0.013123
-0.014801
-0.016633
-0.018311
-0.020234
-0.022279
-0.024415
-0.026917
-0.029847
-0.032685
-0.035493
-0.038789
-0.042055
-0.045106
-0.047823
-0.049989
-0.051912
-0.053255
-0.054170
-0.054720
-0.055422
-0.055422
-0.055086
-0.054842
-0.054292
-0.053499
-0.052583
-0.051119
-0.049196
-0.047029
-0.044435
-0.041047
-0.037202
-0.033235
-0.028718
-0.024079
-0.019684
-0.015259
-0.010956
-0.006775
-0.002930
0.000336
0.003388
0.006104
0.008026
0.009949
0.011536
0.012665
0.013459
0.014008
0.014710
0.015168
0.015595
0.015931
0.016724
0.017762
0.019013
0.020692
0.022950
0.025452
0.028169
0.031220
0.034150
0.037202
0.040132
0.042848
0.045351
0.047487
0.048952
0.049989
0.050447
0.050661
0.050325
0.049654
0.048738
0.047151
0.045228
0.042756
0.039583
0.036287
0.033021
0.029633
0.026460
0.023408
0.020814
0.018433
0.016053
0.013916
0.011872
0.009613
0.007569
0.005310
0.003265
0.001343
-0.000214
-0.001801
-0.003174
-0.004761
-0.006561
-0.008698
-0.011200
-0.014252
-0.017518
-0.020905
-0.024323
