-0.005066
-0.005066
-0.003388
0.000000
0.005066
0.007599
0.012665
0.016877
0.021088
0.025300
0.027833
0.031190
0.034577
0.039644
0.043001
0.044679
0.047212
0.048067
0.051424
0.054720
0.054750
0.058107
0.060610
0.063173
0.064852
0.066530
0.068209
0.071596
0.073305
0.075808
0.079196
0.082553
0.087619
0.090152
0.092685
0.095218
0.098605
0.101962
0.103671
0.106998
0.108707
0.108707
0.112064
0.113742
0.115452
0.116306
0.117161
0.117985
0.118839
0.121342
0.121342
0.120518
0.123020
0.123875
0.122196
0.123875
0.122227
0.119663
0.118839
0.115452
0.111209
0.110385
0.107852
0.104495
0.101138
0.096042
0.091830
0.088473
0.085086
0.081729
0.076662
0.072451
0.066561
0.064028
0.061495
0.058107
0.053896
0.048891
0.045534
0.039644
0.036287
0.032044
0.025300
0.019379
0.012635
0.009278
0.003388
0.000000
-0.004212
-0.010987
-0.016846
-0.023621
-0.030366
-0.033723
-0.036256
-0.040498
-0.046388
-0.051363
-0.055574
-0.057283
-0.060640
-0.064852
-0.067385
-0.071596
-0.073305
-0.075808
-0.078372
-0.081729
-0.084231
-0.087619
-0.090152
-0.093539
-0.096866
-0.097751
-0.101138
-0.102817
-0.105319
-0.107028
-0.110385
-0.112064
-0.112064
-0.112064
-0.114566
-0.114597
-0.114597
-0.115452
-0.114628
-0.115421
-0.115482
-0.116306
-0.117954
-0.117985
-0.117985
-0.119694
-0.121342
-0.123020
-0.121342
-0.123875
-0.125553
-0.125553
-0.127262
-0.128086
-0.130619
-0.130619
-0.129765
-0.128941
-0.128086
-0.126408
-0.124729
-0.119663
-0.117954
-0.115452
-0.110385
-0.107028
-0.103641
-0.097751
-0.093539
-0.088473
-0.081729
-0.075808
-0.070742
-0.066561
-0.062319
-0.055605
-0.048921
-0.043001
-0.038789
-0.032899
-0.026978
-0.020234
-0.014344
-0.008423
-0.003388
-0.000855
0.004242
0.008423
0.012635
0.019379
0.021912
0.028657
0.031190
0.033723
0.038789
0.041322
0.043855
0.047243
0.048921
0.052217
0.053896
0.056429
0.061495
0.063173
0.066561
0.069918
0.074984
0.076662
0.080844
0.085086
0.087649
0.091006
0.093539
0.097751
0.099399
0.102786
0.108707
0.112094
0.114628
0.116276
0.118839
0.120518
0.123020
0.126408
0.128086
0.131474
0.130650
0.135685
0.135716
0.134861
0.135685
0.137394
0.139042
0.138249
0.139073
0.136540
0.135655
0.136540
0.133976
0.133152
0.128971
0.125553
0.124729
0.120487
0.117985
0.114597
0.112918
0.109531
0.103671
0.100253
0.096927
0.092654
0.086764
0.084262
0.080020
0.073275
0.067385
0.063173
0.057283
0.052217
0.046419
0.037935
0.033723
0.029511
0.021943
0.016022
0.009278
0.003388
