-0.033235
-0.033235
-0.060793
-0.033082
-0.056307
-0.033967
-0.054201
-0.035585
-0.056185
-0.036897
-0.061098
-0.036866
-0.065310
-0.035615
-0.065950
-0.034425
-0.063448
-0.034639
-0.061190
-0.036012
-0.062380
-0.036561
-0.066897
-0.034547
-0.071261
-0.030763
-0.071841
-0.028901
-0.067812
-0.032350
-0.060610
-0.040437
-0.051271
-0.048067
-0.039338
-0.049562
-0.025330
-0.043580
-0.013367
-0.034516
-0.010010
-0.027924
-0.017518
-0.024964
-0.029420
-0.021607
-0.034181
-0.013337
-0.025483
-0.001129
-0.010346
0.007904
-0.004242
0.007050
-0.016724
-0.003754
-0.041139
-0.017426
-0.058962
-0.025513
-0.055879
-0.025361
-0.034791
-0.020692
-0.012238
-0.016724
-0.003540
-0.015503
-0.011261
-0.016022
-0.027741
-0.017945
-0.045961
-0.022980
-0.066012
-0.032624
-0.090030
-0.044557
-0.114017
-0.053591
-0.128269
-0.056368
-0.126743
-0.054170
-0.113254
-0.051119
-0.097629
-0.049562
-0.086093
-0.048280
-0.076907
-0.046144
-0.068056
-0.045625
-0.064547
-0.050386
-0.073733
-0.059999
-0.094577
-0.068880
-0.114750
-0.071932
-0.122623
-0.072268
-0.123844
-0.078890
-0.137242
-0.094729
-0.169164
-0.107883
-0.194983
-0.098697
-0.173559
-0.059481
-0.088900
0.001892
0.042695
0.037904
0.120426
0.003601
0.048738
-0.053835
-0.071932
-0.059633
-0.082003
-0.012848
0.020325
0.017853
0.088626
-0.012818
0.025361
-0.074343
-0.105045
-0.105502
-0.173009
-0.084109
-0.130497
-0.032533
-0.023743
0.015778
0.077639
0.034394
0.117557
0.013398
0.073580
-0.036134
-0.032014
-0.079714
-0.125553
-0.083926
-0.134068
-0.054018
-0.067476
-0.028260
-0.008057
-0.032991
-0.014191
-0.056887
-0.062532
-0.070650
-0.088900
-0.062746
-0.066591
-0.047182
-0.026917
-0.039064
-0.008606
-0.036256
-0.013611
-0.028993
-0.019959
-0.016633
-0.015656
-0.010102
-0.010987
-0.019715
-0.023896
-0.043611
-0.060427
-0.067415
-0.104617
-0.074770
-0.126408
-0.062593
-0.108158
-0.045167
-0.063051
-0.041597
-0.027100
-0.057527
-0.028504
-0.078341
-0.061403
-0.084323
-0.095889
-0.070620
-0.108188
-0.050752
-0.097446
-0.042695
-0.080416
-0.053133
-0.074160
-0.073519
-0.083132
-0.089450
-0.099734
-0.092746
-0.114353
-0.085879
-0.124332
-0.076785
-0.133183
-0.070009
-0.141392
-0.064974
-0.143040
-0.062319
-0.135899
-0.067690
-0.130772
-0.085391
-0.140080
-0.108341
-0.158147
-0.121067
-0.162420
-0.114048
-0.137333
-0.093417
-0.095523
-0.075014
-0.069826
-0.068422
-0.079867
-0.070315
-0.114414
-0.071535
-0.144108
-0.067721
-0.148930
-0.062960
-0.138829
-0.064486
-0.143559
-0.074221
-0.176550
-0.086093
-0.210273
-0.092898
-0.193945
-0.094729
-0.103214
-0.098605
0.036561
-0.106845
