-0.053163
-0.053163
0.073366
-0.053835
0.072542
-0.054476
0.071810
-0.054872
0.070772
-0.055330
0.069674
-0.055635
0.068545
-0.055788
0.067110
-0.056001
0.065737
-0.056001
0.064150
-0.055971
0.062593
-0.055940
0.060854
-0.055788
0.059023
-0.055666
0.057039
-0.055544
0.054964
-0.055452
0.052767
-0.055452
0.050447
-0.055452
0.048067
-0.055574
0.045534
-0.055696
0.042940
-0.055849
0.040223
-0.056063
0.037324
-0.056398
0.034547
-0.056825
0.031587
-0.057161
0.028657
-0.057802
0.025544
-0.058260
0.022401
-0.058901
0.019257
-0.059511
0.016175
-0.060060
0.012970
-0.060671
0.009766
-0.061281
0.006531
-0.061708
0.003204
-0.062197
0.000031
-0.062624
-0.003235
-0.062716
-0.006470
-0.062960
-0.009827
-0.063021
-0.013153
-0.062899
-0.016480
-0.062655
-0.019684
-0.062258
-0.023133
-0.061647
-0.026551
-0.060945
-0.029725
-0.059999
-0.033174
-0.058931
-0.036409
-0.057741
-0.039613
-0.056398
-0.042909
-0.054842
-0.045869
-0.053224
-0.048952
-0.051546
-0.051973
-0.049562
-0.054933
-0.047578
-0.057741
-0.045442
-0.060488
-0.043367
-0.063051
-0.041108
-0.065462
-0.038820
-0.067904
-0.036500
-0.069979
-0.034089
-0.072054
-0.031770
-0.073855
-0.029298
-0.075503
-0.026765
-0.077029
-0.024323
-0.078310
-0.021760
-0.079348
-0.019257
-0.080386
-0.016785
-0.081210
-0.014283
-0.081698
-0.011811
-0.082339
-0.009339
-0.082522
-0.006928
-0.082766
-0.004425
-0.082766
-0.002045
-0.082614
0.000183
-0.082492
0.002625
-0.082156
0.004791
-0.081729
0.007080
-0.081301
0.009217
-0.080752
0.011353
-0.080294
0.013398
-0.079775
0.015229
-0.079196
0.017090
-0.078646
0.018952
-0.077944
0.020692
-0.077425
0.022279
-0.076785
0.023988
-0.076174
0.025544
-0.075381
0.027284
-0.074679
0.028779
-0.074007
0.030244
-0.073122
0.031648
-0.072420
0.033082
-0.071505
0.034211
-0.070589
0.035524
-0.069826
0.036775
-0.069002
0.037660
-0.068239
0.038911
-0.067354
0.039796
-0.066530
0.040529
-0.065676
0.041414
-0.064852
0.041963
-0.063997
0.042665
-0.063112
0.043153
-0.062288
0.043336
-0.061403
0.043641
-0.060610
0.043703
-0.059816
0.043611
-0.058992
0.043580
-0.058016
0.043489
-0.057222
0.043031
-0.056307
0.042787
-0.055330
0.042085
-0.054384
0.041444
-0.053346
0.040712
-0.052461
0.039979
-0.051119
0.039094
-0.050050
0.037935
-0.048799
0.037049
-0.047334
0.035951
-0.046083
0.034791
-0.044588
0.033448
-0.043123
0.032167
-0.041627
0.030976
-0.040040
0.029664
-0.038392
0.028565
-0.036744
0.027284
-0.035005
0.026002
-0.033204
0.025086
-0.031648
0.023835
-0.029756
0.022645
-0.028138
0.021332
