-0.133518
-0.133518
0.184301
-0.135197
0.182195
-0.136845
0.180395
-0.137822
0.177770
-0.138981
0.175024
-0.139744
0.172185
-0.140141
0.168584
-0.140690
0.165136
-0.140660
0.161138
-0.140599
0.157201
-0.140507
0.152867
-0.140110
0.148259
-0.139836
0.143284
-0.139531
0.138066
-0.139317
0.132542
-0.139286
0.126713
-0.139286
0.120731
-0.139592
0.114383
-0.139897
0.107852
-0.140263
0.101047
-0.140843
0.093783
-0.141667
0.086764
-0.142766
0.079348
-0.143559
0.071963
-0.145177
0.064150
-0.146336
0.056246
-0.147954
0.048402
-0.149480
0.040620
-0.150884
0.032594
-0.152379
0.024537
-0.153935
0.016388
-0.155004
0.008057
-0.156255
0.000092
-0.157323
-0.008118
-0.157567
-0.016266
-0.158147
-0.024689
-0.158330
-0.033052
-0.157994
-0.041383
-0.157384
-0.049440
-0.156377
-0.058107
-0.154851
-0.066683
-0.153111
-0.074648
-0.150700
-0.083346
-0.148045
-0.091433
-0.145054
-0.099490
-0.141667
-0.107791
-0.137761
-0.115207
-0.133702
-0.122959
-0.129490
-0.130558
-0.124485
-0.137974
-0.119510
-0.145024
-0.114139
-0.151921
-0.108921
-0.158361
-0.103275
-0.164403
-0.097537
-0.170568
-0.091708
-0.175787
-0.085635
-0.180975
-0.079806
-0.185522
-0.073580
-0.189642
-0.067232
-0.193487
-0.061098
-0.196692
-0.054659
-0.199316
-0.048372
-0.201941
-0.042146
-0.203986
-0.035859
-0.205206
-0.029664
-0.206824
-0.023438
-0.207282
-0.017396
-0.207892
-0.011109
-0.207892
-0.005127
-0.207526
0.000458
-0.207190
0.006592
-0.206366
0.012055
-0.205267
0.017792
-0.204230
0.023164
-0.202826
0.028504
-0.201697
0.033662
-0.200385
0.038240
-0.198920
0.042940
-0.197546
0.047609
-0.195776
0.051973
-0.194494
0.055940
-0.192877
0.060244
-0.191321
0.064180
-0.189337
0.068545
-0.187597
0.072298
-0.185888
0.075961
-0.183691
0.079501
-0.181890
0.083102
-0.179601
0.085940
-0.177313
0.089236
-0.175420
0.092380
-0.173345
0.094577
-0.171422
0.097751
-0.169164
0.099948
-0.167119
0.101810
-0.164953
0.104038
-0.162908
0.105411
-0.160741
0.107181
-0.158513
0.108371
-0.156438
0.108860
-0.154210
0.109622
-0.152226
0.109745
-0.150243
0.109531
-0.148198
0.109470
-0.145726
0.109226
-0.143742
0.108097
-0.141453
0.107486
-0.139012
0.105686
-0.136631
0.104099
-0.134007
0.102268
-0.131779
0.100406
-0.128422
0.098209
-0.125736
0.095279
-0.122593
0.093051
-0.118900
0.090274
-0.115757
0.087374
-0.112003
0.084048
-0.108280
0.080782
-0.104587
0.077792
-0.100558
0.074526
-0.096438
0.071749
-0.092288
0.068545
-0.087924
0.065310
-0.083407
0.062990
-0.079501
0.059847
-0.074770
0.056887
-0.070681
0.053591
