-0.435438
-0.435438
-0.436506
-0.424818
-0.423719
-0.435804
-0.435804
-0.424116
-0.424116
-0.409162
-0.409162
-0.424482
-0.423444
-0.414930
-0.416028
-0.401074
-0.401105
-0.412061
-0.408826
-0.407880
-0.412275
-0.389660
-0.387494
-0.394147
-0.393109
-0.393231
-0.395459
-0.368511
-0.368542
-0.370830
-0.369732
-0.368847
-0.369945
-0.344035
-0.344005
-0.337657
-0.336589
-0.338908
-0.339976
-0.311869
-0.311869
-0.300027
-0.298959
-0.303385
-0.304544
-0.282907
-0.283975
-0.269967
-0.266701
-0.274453
-0.277657
-0.260414
-0.258156
-0.241981
-0.243019
-0.252937
-0.252968
-0.239967
-0.238929
-0.222633
-0.223701
-0.231422
-0.231483
-0.226051
-0.226112
-0.204352
-0.203253
-0.208808
-0.210974
-0.207770
-0.206732
-0.182714
-0.182714
-0.182775
-0.182806
-0.179540
-0.180700
-0.156652
-0.155583
-0.149083
-0.149022
-0.148045
-0.149083
-0.122837
-0.122868
-0.114170
-0.111911
-0.110904
-0.114231
-0.092288
-0.088992
-0.075777
-0.078005
-0.078036
-0.076937
-0.061586
-0.061617
-0.046236
-0.046205
-0.049532
-0.049501
-0.037416
-0.038575
-0.020936
-0.019837
-0.026429
-0.026429
-0.016541
-0.016572
0.000031
0.000000
-0.002167
-0.003296
0.002197
0.003296
0.019898
0.019868
0.024293
0.024262
0.027680
0.026551
0.044221
0.045289
0.053102
0.052004
0.055330
0.055391
0.074190
0.074190
0.081973
0.083102
0.087588
0.087588
0.104251
0.103122
0.114231
0.115360
0.118748
0.117618
0.131016
0.132145
0.142216
0.141057
0.146672
0.148900
0.157842
0.155644
0.166845
0.166814
0.173589
0.174688
0.183691
0.182562
0.190435
0.190435
0.199408
0.200507
0.207282
0.205084
0.212989
0.215217
0.225349
0.224219
0.233222
0.232154
0.235572
0.237770
0.249062
0.246834
0.255928
0.258095
0.257088
0.256050
0.269539
0.269570
0.277505
0.277474
0.276467
0.277596
0.285562
0.283334
0.295785
0.296884
0.291421
0.291421
0.297189
0.297128
0.310709
0.309610
0.306375
0.308603
0.312113
0.309885
0.326884
0.328013
0.325877
0.326975
0.327128
0.326029
0.346355
0.346385
0.349956
0.349925
0.344462
0.344432
0.367107
0.367107
0.376263
0.376263
0.364055
0.364055
0.383343
0.384472
0.392560
0.391430
0.378094
0.378094
0.388409
0.389508
0.400983
0.400983
0.381939
0.380779
0.385479
0.386670
0.399243
0.399274
0.375622
0.375622
0.372417
0.372387
0.390667
0.390698
0.368175
0.367077
0.360424
0.362712
0.382153
0.381024
0.366375
0.366466
0.358623
0.357463
0.378124
0.379223
0.374828
0.374828
0.357952
0.356853
0.383068
0.385388
0.386731
0.383312
0.360698
0.365246
0.390454
