-0.420148
-0.420148
-0.098056
-0.467879
-0.178076
-0.466811
-0.223823
-0.446822
-0.246345
-0.459395
-0.273049
-0.463301
-0.283578
-0.448256
-0.274667
-0.421888
-0.252419
-0.356243
-0.204474
-0.297494
-0.154180
-0.263649
-0.114994
-0.256203
-0.085421
-0.268593
-0.076693
-0.246254
-0.054079
-0.189703
0.004883
-0.153417
0.060518
-0.144597
0.096805
-0.131779
0.126194
-0.115299
0.148625
-0.102329
0.165960
-0.106693
0.152562
-0.108676
0.117588
-0.089053
0.103977
-0.080325
0.092074
-0.094028
0.055635
-0.104678
0.009461
-0.103610
-0.043977
-0.097293
-0.093539
-0.084414
-0.125675
-0.086123
-0.163579
-0.075716
-0.201575
-0.051454
-0.224677
-0.045137
-0.254402
-0.052400
-0.290872
-0.051637
-0.317179
-0.046327
-0.324809
-0.033967
-0.305307
-0.020692
-0.288949
-0.026032
-0.288461
-0.017518
-0.280374
-0.014557
-0.274361
-0.036287
-0.280190
-0.018677
-0.269570
0.035340
-0.228034
0.082766
-0.172918
0.105838
-0.145329
0.094577
-0.166662
0.116886
-0.174902
0.182958
-0.135411
0.220710
-0.101627
0.230384
-0.093448
0.238594
-0.100986
0.236793
-0.113895
0.251015
-0.108921
0.259316
-0.101321
0.255409
-0.113224
0.236366
-0.142308
0.194891
-0.190039
0.124546
-0.246254
0.077578
-0.290139
0.056703
-0.330882
0.040376
-0.362712
0.024567
-0.385388
-0.032197
-0.426130
-0.089419
-0.463271
-0.125095
-0.487442
-0.140385
-0.509018
-0.131779
-0.500046
-0.105533
-0.458907
-0.103610
-0.425794
-0.114872
-0.407727
-0.121311
-0.403180
-0.111484
-0.394299
-0.053743
-0.342875
0.005707
-0.266640
0.033021
-0.189093
0.044404
-0.124699
0.038606
-0.102023
0.052919
-0.092685
0.097903
-0.057711
0.132298
-0.013337
0.151952
0.021760
0.153569
0.021058
0.129673
-0.030488
0.126652
-0.080996
0.158788
-0.104099
0.172185
-0.113010
0.164403
-0.117161
0.107089
-0.160497
0.038606
-0.242561
0.024689
-0.290658
0.061892
-0.284219
0.112857
-0.243446
0.155553
-0.187628
0.161168
-0.166234
0.138279
-0.170598
0.148106
-0.158147
0.141209
-0.129978
0.128880
-0.089602
0.117405
-0.044984
0.089206
-0.014893
0.064394
0.017640
0.063265
0.045656
0.072237
0.066073
0.099643
0.114658
0.122562
0.165441
0.105502
0.190191
0.105014
0.219092
0.110111
0.256844
0.109012
0.288766
0.114231
0.316294
0.105838
0.316172
0.105899
0.306314
0.153874
0.315439
0.191168
0.319193
0.200201
0.319285
0.212226
0.321543
0.215613
0.315592
0.221198
0.310678
0.218665
0.293710
0.205512
0.253395
0.194983
0.231971
0.174017
0.224128
0.129917
0.203742
0.107639
0.191900
0.108951
0.198279
0.111057
0.223975
0.108249
