0.100742
0.100742
-0.017792
-0.072329
0.013764
-0.085635
-0.013092
0.110569
0.005341
0.044527
0.013550
-0.116398
-0.022523
-0.052858
0.008454
0.072512
0.006531
0.076205
-0.002258
-0.001038
0.000916
-0.085055
-0.002319
-0.005127
0.002045
0.031922
-0.001770
-0.022919
-0.002564
0.013855
-0.004761
-0.014374
0.003540
-0.026948
0.016602
0.032136
-0.007294
0.026978
-0.010193
-0.018128
0.005890
0.016816
0.001251
0.005799
0.003967
-0.072604
-0.010315
0.007904
-0.008728
0.029603
0.011963
-0.051241
-0.002289
-0.007019
-0.008026
0.123692
0.018189
0.024537
-0.004700
-0.133305
-0.014222
-0.007019
0.006775
0.122654
0.009552
-0.003204
-0.008972
-0.119572
-0.016388
-0.057711
0.012848
0.120487
0.006928
0.116367
0.004852
-0.171026
0.000000
-0.045228
-0.026856
0.173528
0.022340
-0.053133
0.014161
-0.084964
-0.032807
0.088229
0.015137
-0.002869
0.004761
-0.090274
-0.321332
0.011048
0.012452
0.446815
0.015320
0.013153
-0.013916
-0.002686
-4.005463
-0.004181
0.012391
0.040498
-0.006653
-0.069796
-0.013184
-2.034944
0.010132
0.144993
0.005799
-0.016327
-0.016480
-0.203864
-0.007050
0.022950
0.026887
0.180853
0.007385
-0.033082
-0.019288
-0.110660
0.001221
0.041475
0.002441
0.074526
-0.008942
-0.053255
0.006653
-0.043184
0.007355
0.057283
-0.016144
0.028138
-0.002136
-0.059572
0.015992
-0.060121
0.002075
0.049104
-0.007752
0.053743
-0.001801
-0.014374
0.002350
-0.010956
-0.005280
-0.025880
-0.001587
-0.024781
-0.001373
0.030122
-0.002564
0.042787
0.005554
-0.013977
0.000000
-0.071902
-0.000488
-0.007263
0.008942
0.064608
-0.000183
-0.002838
-0.023927
0.053011
0.010773
0.040986
0.045045
-0.178106
-0.053011
-0.125370
-0.065523
0.243629
0.083346
0.112369
0.039705
-0.266640
-0.082919
-0.020234
0.000275
0.287729
0.080782
-0.035249
-0.009217
-0.264138
-0.063051
0.141514
0.006287
0.161168
0.037904
-0.206549
-0.012146
-0.126072
-0.035707
0.200354
0.019501
0.115146
0.020142
-0.140049
-0.027161
-0.123234
0.003784
0.069796
0.029725
0.206702
-0.016663
-0.076662
-0.017304
-0.185888
0.010743
0.115055
-0.001282
0.080050
0.001587
-0.102420
0.014008
0.035340
-0.008667
0.030091
-0.018281
-0.111240
0.015351
0.055544
0.010926
0.084048
-0.015870
-0.126804
-0.004273
0.037446
0.000977
0.066958
0.003052
-0.100284
-0.000610
0.024537
0.000702
0.083926
0.010590
-0.086459
-0.004517
-0.117924
-0.018647
0.110416
0.009796
0.063112
0.030183
-0.039399
-0.020783
0.002472
-0.031190
-0.028779
0.023957
0.015717
-0.000092
0.059908
-0.006195
-0.067080
0.005585
-0.002106
-0.007477
-0.007416
0.609705
-0.100986
-0.015961
0.066622
0.001831
0.084750
0.019715
-0.059481
0.204456
0.014374
-0.013031
0.080294
-0.012116
0.159856
0.060244
0.132054
0.037843
0.095706
-0.003876
0.062441
-0.046052
0.055330
-0.075564
0.082888
-0.073214
0.099918
-0.078494
0.100558
-0.097201
0.069582
-0.126499
0.008911
-0.194494
-0.018799
-0.264657
0.015015
-0.275460
0.071596
-0.240242
0.101718
-0.197943
0.077090
-0.201910
0.034883
-0.246529
0.044160
-0.242653
0.081912
-0.188940
0.126072
-0.125156
0.166723
-0.054476
0.174596
-0.002747
0.167913
0.020905
0.165166
0.045228
0.163213
0.066073
0.186560
0.098422
0.216010
0.162267
0.199194
0.186712
0.160649
0.156682
0.157109
0.124119
0.193365
0.113712
0.234474
0.122929
0.235725
0.106571
0.202887
0.051393
0.187933
0.013855
0.180639
0.005768
0.172277
-0.013153
0.163854
-0.030061
0.134281
-0.058290
0.093570
-0.106235
0.052736
-0.153508
0.009308
-0.216437
-0.012696
-0.264473
-0.815015
-0.272042
-0.040162
-0.275948
-0.082400
-0.287423
-0.141209
-0.290262
-0.201483
-0.299020
-0.227485
-0.285684
-0.237098
-0.246651
-0.250679
-0.214698
-0.258217
-0.177923
-0.263771
-0.131809
-0.275674
-0.085421
-0.272958
-0.033601
-0.262795
0.008789
-0.244881
0.035188
-0.230049
0.063601
-0.231941
0.071108
-0.229926
0.082492
-0.216071
0.118168
-0.201910
0.142918
-0.172643
0.162297
-0.163579
0.172063
-0.195410
0.132420
-0.219916
0.074343
-0.226020
0.039460
-0.229499
0.003723
-0.243202
-0.037599
-0.281045
-0.099277
-0.323069
-0.175939
-0.331645
-0.216071
-0.337657
-0.226478
-0.354717
-0.236518
-0.379040
-0.245064
-0.410962
-0.264107
-0.422132
-0.273598
-0.410565
-0.247353
-0.400830
-0.206641
-0.377483
-0.145360
-0.350597
-0.061281
-0.345836
0.003082
-0.354411
0.044069
-0.354167
0.083956
-0.331431
0.139317
-0.302347
0.216163
-0.312632
0.250130
-0.329905
0.214789
-0.291299
0.193030
-0.238075
0.209815
-0.200629
0.227515
-0.159703
0.254585
-0.115207
0.276559
-0.069918
0.270058
-0.027955
0.237312
-0.011231
0.174902
0.005707
0.120090
0.028809
0.096713
0.039430
0.071352
0.056734
0.039918
0.083987
0.017823
0.114566
0.004730
0.143986
0.020966
0.141728
0.040376
0.110752
0.027100
0.098239
0.014863
0.096835
0.019959
0.083621
0.031465
0.057070
0.053407
0.014496
0.073672
-0.011017
0.100833
-0.012360
0.149998
-0.024567
0.184362
-0.034211
0.201483
-0.033448
0.221442
-0.035218
0.234993
-0.017518
0.254341
0.014374
0.279672
0.039216
0.282449
0.074862
0.279458
0.099429
