0.091617
0.091617
0.261391
0.075381
0.270913
0.067965
0.274850
0.068422
0.246742
0.082888
0.246193
0.109592
0.272774
0.120396
0.251900
0.107578
0.227149
0.080905
0.219337
0.046937
0.184973
0.033723
0.149144
0.032624
0.156621
0.013611
0.160253
0.011109
0.142857
0.028413
0.134190
0.025422
0.114444
0.011383
0.078890
0.033570
0.086306
0.069338
0.160497
0.058962
0.200537
0.032807
0.167425
0.036287
0.103092
0.068850
0.028535
0.083285
-0.035920
0.066225
-0.034486
0.064089
0.053743
0.076998
0.151555
0.081759
0.191076
0.077761
0.166570
0.064394
0.120243
0.043184
0.101077
0.021760
0.089419
0.002197
0.033784
-0.011231
-0.058809
-0.012177
-0.141087
-0.004913
-0.171880
0.035768
-0.146092
0.109622
-0.115268
0.155828
-0.116489
0.144475
-0.147465
0.091617
-0.197119
0.033692
-0.236641
0.005402
-0.231239
0.000031
-0.194311
-0.006348
-0.178869
-0.019898
-0.195685
-0.042146
-0.228919
-0.069185
-0.266366
-0.092593
-0.285897
-0.105838
-0.275948
-0.114902
-0.261116
-0.122196
-0.254097
-0.124699
-0.247932
-0.125523
-0.244575
-0.126530
-0.240242
-0.121311
-0.227027
-0.114536
-0.213874
-0.119877
-0.216742
-0.129307
-0.233863
-0.131077
-0.252998
-0.128300
-0.255837
-0.122654
-0.218970
-0.105106
-0.155400
-0.079836
-0.102115
-0.056276
-0.058412
-0.036592
-0.015992
-0.026917
0.014496
-0.029176
0.022156
-0.035859
-0.001984
-0.038789
-0.047823
-0.037690
-0.090274
-0.037782
-0.115574
-0.043428
-0.121464
-0.048555
-0.117832
-0.040651
-0.119053
-0.033082
-0.117740
-0.034059
-0.094363
-0.025819
-0.047731
0.001617
0.014435
0.048555
0.088565
0.089328
0.171331
0.099399
0.242897
0.093570
0.286172
0.090213
0.304239
0.090426
0.306589
0.092624
0.305612
0.096469
0.301309
0.094729
0.286386
0.079653
0.265999
0.065279
0.253639
0.065950
0.255959
0.077090
0.269112
0.085299
0.284402
0.088534
0.294931
0.094455
0.299509
0.097842
0.294107
0.094668
0.276315
0.092380
0.252998
0.100742
0.233863
0.112552
0.222785
0.116306
0.224219
0.116489
0.231635
0.110141
0.220283
0.089022
0.179418
0.056734
0.125767
0.035310
0.102512
0.034639
0.109806
0.036012
0.099643
0.034547
0.063814
0.037812
0.024049
0.044374
-0.001587
0.045564
-0.006409
0.044313
0.004730
0.052828
0.028993
0.063997
0.058138
0.067080
0.074496
0.062868
0.066897
0.057619
0.040468
0.054628
0.010102
0.052980
-0.006958
0.050569
0.000092
0.043550
0.027009
0.029481
0.055788
0.009064
0.058168
-0.008393
0.015320
-0.012726
-0.048280
-0.008209
-0.081851
-0.005066
