-0.105991
-0.105991
-0.030519
0.041078
0.092349
0.096927
-0.042238
-0.125187
-0.058138
0.017975
0.110660
0.139409
-0.005524
-0.181982
-0.140141
-0.075533
0.062380
0.253090
0.115970
0.029115
-0.075442
-0.159124
-0.036470
0.017029
0.065981
0.036714
-0.028932
-0.092380
-0.016358
0.011048
0.092807
0.103580
-0.025819
-0.099551
-0.104343
-0.048677
0.057955
0.143406
0.025849
-0.057344
-0.102359
-0.053255
0.043733
0.180242
0.088076
-0.031098
-0.090976
-0.223640
-0.046205
0.065462
0.110630
0.185675
-0.005097
-0.075411
-0.066012
-0.079714
0.046968
0.084140
-0.011780
-0.051057
-0.068819
-0.071932
0.068178
0.133732
0.071291
-0.011444
-0.077517
-0.129917
-0.001282
0.086856
0.074343
0.037629
-0.070833
-0.115940
-0.047975
0.078921
0.100742
0.131443
-0.005646
-0.168859
-0.102390
-0.152104
0.036653
0.194220
0.051790
0.065828
-0.044282
-0.138524
0.021302
0.086795
0.036592
0.052126
-0.085757
-0.117466
-0.021729
0.053743
0.100467
0.091769
-0.017273
-0.113620
-0.058016
-0.050203
0.063997
0.085391
0.002441
-0.073031
-0.071352
-0.075900
0.050752
0.186224
0.051698
0.035585
-0.072695
-0.206641
-0.024293
0.067598
0.060579
0.121952
-0.027863
-0.113987
-0.016236
0.006958
0.088534
0.090060
-0.035676
-0.082980
-0.096988
-0.045564
0.065889
0.116855
0.042238
0.003815
-0.073733
-0.099277
0.019440
0.071718
0.050020
0.023225
-0.049226
-0.150578
-0.008545
0.057344
0.056978
0.137852
-0.020447
-0.099216
-0.045930
-0.059511
0.041688
0.098178
-0.015625
-0.022187
-0.075259
-0.046968
0.086367
0.079012
0.063265
0.001770
-0.095676
-0.107761
0.005615
0.045991
0.078310
0.089145
-0.044771
-0.091464
-0.034181
0.008942
0.055086
0.088626
-0.014039
-0.104648
-0.055239
-0.066988
0.035707
0.109073
0.028871
0.016175
-0.049776
-0.067995
0.034608
0.043245
0.036470
0.046754
-0.117832
-0.070284
0.001740
0.020508
0.122532
0.087649
-0.046327
-0.100131
-0.064669
-0.049623
0.063021
0.091464
0.013672
-0.049989
-0.049837
-0.041871
0.033998
0.108158
0.035524
0.014344
-0.058657
-0.082186
-0.001953
0.015198
0.054903
0.046022
-0.045198
-0.053224
-0.002960
-0.009033
0.095767
0.069613
-0.062288
-0.098086
-0.103122
-0.047823
0.088382
0.154820
0.037812
-0.017518
-0.092807
-0.083773
0.008484
0.081973
0.056764
0.006897
-0.037721
-0.082980
-0.012116
0.044801
0.060060
0.076815
-0.019013
-0.055086
-0.034272
-0.051943
0.053285
0.048341
-0.026460
-0.032991
-0.059816
-0.033052
0.095218
0.109561
0.044893
-0.063082
-0.119968
-0.136784
0.003265
0.133091
0.095126
0.071718
