-0.008576
-0.008576
0.000855
-0.020020
0.010346
0.001740
-0.000549
0.043153
-0.009888
0.001984
0.000793
-0.040590
0.014618
-0.003296
0.000916
0.030549
-0.011719
-0.005219
-0.002808
-0.049959
0.003723
0.005158
0.002594
0.082980
-0.003388
0.018403
0.002472
-0.099460
0.012696
-0.037690
-0.005676
0.087466
-0.017914
0.027863
0.002319
-0.051271
0.012146
-0.007263
0.002380
0.015870
-0.005219
-0.003052
-0.006714
-0.007965
-0.001007
-0.017792
0.005310
0.009339
0.001160
0.026765
-0.002503
-0.007538
-0.003174
0.004639
-0.003754
0.009705
0.011475
0.000885
0.009552
-0.003357
-0.010529
-0.022614
0.002533
-0.006104
0.004273
-0.001038
-0.008759
0.020051
0.001404
0.030976
-0.004273
-0.036958
-0.003479
-0.029756
0.011231
0.038972
-0.000488
-0.000336
-0.005127
-0.032960
0.002106
0.025697
-0.002136
0.002686
-0.000183
-0.034547
0.001892
0.045351
0.003784
0.048524
0.002625
-0.066500
-0.003265
-0.043733
-0.001007
0.063753
-0.008911
0.011475
-0.000610
-0.023041
0.008393
-0.001617
-0.001068
-0.013245
0.017487
0.018372
-0.002808
-0.013215
-0.025483
-0.020569
0.007660
0.038697
0.004517
0.022919
-0.004639
-0.035127
-0.002655
-0.007050
0.000702
0.026002
0.017365
-0.032014
-0.000824
-0.009461
-0.020081
0.019349
0.000580
-0.000793
0.010651
0.002106
0.000061
-0.018616
-0.001892
0.010315
-0.007538
0.015503
0.002655
-0.029878
0.016297
0.010651
-0.017670
0.030427
-0.016205
-0.011383
0.020264
0.004852
0.003662
0.031648
-0.003693
-0.026399
0.009949
-0.041017
0.003052
0.015168
-0.017273
-0.014863
-0.011383
0.005951
0.016633
0.029328
0.003601
-0.019318
-0.014771
0.007569
-0.001953
-0.009522
0.028626
0.013092
0.008728
0.036317
-0.033509
-0.036622
-0.001038
-0.018067
0.021149
0.021302
-0.000366
0.016419
-0.017975
-0.015168
-0.007385
-0.006928
0.015412
0.011353
0.004334
-0.033296
-0.006592
-0.002564
0.002045
0.052492
-0.001587
0.034089
-0.004700
-0.017548
0.020020
-0.083926
0.018799
-0.060335
-0.022340
0.048494
-0.042116
0.102206
-0.003662
0.041261
0.041047
-0.081973
0.024903
-0.077609
-0.018220
0.010559
-0.041169
0.052492
-0.000488
0.029664
0.041536
-0.026399
0.005768
-0.033509
-0.021119
0.013550
0.007935
0.058626
-0.006623
-0.019044
-0.024659
-0.045228
0.032258
0.047700
0.020417
-0.008026
-0.028718
-0.021668
-0.010010
0.035035
0.010224
-0.027894
0.021088
0.021821
-0.015290
0.011383
-0.028291
-0.048830
0.026765
-0.000671
0.003479
0.005097
-0.010926
0.053591
0.012696
0.014649
-0.009552
-0.053407
0.005615
-0.029725
0.013215
-0.001831
