-0.011628
-0.011628
-0.096500
-0.035615
-0.027650
0.011567
0.112888
-0.002380
0.112217
-0.033235
0.022065
-0.059542
-0.064730
-0.139561
-0.149907
-0.104251
-0.184729
0.011658
-0.118656
0.058473
-0.024110
0.078646
-0.034181
-0.000610
-0.101840
-0.142644
-0.055635
-0.118839
0.084201
0.013276
0.167364
0.010132
0.087741
-0.034883
-0.050752
0.052004
-0.056368
0.102206
-0.021455
0.036042
-0.047548
-0.027192
-0.045076
-0.033052
-0.055757
-0.044984
-0.087100
-0.058809
0.003113
0.006348
0.158208
0.084201
0.162328
0.078768
0.068911
0.058840
0.081668
0.094211
0.082400
0.051698
0.007630
-0.015625
0.018372
0.007508
0.058321
0.039277
0.006012
0.029908
-0.062288
-0.025910
-0.062136
-0.064241
-0.057100
-0.053682
-0.055422
-0.033296
-0.002747
-0.020966
0.022889
-0.026124
-0.001984
-0.032167
-0.023011
-0.019990
-0.034883
0.013672
-0.043336
0.040559
-0.048738
0.026582
-0.035157
0.000244
-0.012207
-0.007019
0.018159
0.001526
0.064669
0.008454
0.058412
-0.010559
-0.007385
-0.026643
-0.007324
0.003601
0.052492
0.027497
0.048311
-0.015870
-0.024720
-0.061892
-0.059206
-0.037660
-0.034272
0.014588
-0.016541
0.024445
-0.009796
0.010865
0.004669
0.013855
-0.001190
0.005310
-0.013489
-0.011567
0.002869
-0.005127
0.020356
-0.011933
0.002350
-0.026978
-0.032960
0.005707
-0.016419
0.045198
0.042146
0.040040
0.058321
0.017457
0.030671
0.004151
0.009461
-0.003693
0.004456
0.007294
0.018250
0.033265
0.027223
0.020295
-0.000183
-0.023286
-0.028321
-0.032838
-0.036531
-0.010041
-0.024506
0.003723
0.008667
0.011719
0.009583
0.028809
-0.013733
0.017182
0.002899
-0.030610
0.017273
-0.043672
-0.017487
0.002106
-0.024110
0.038362
0.036103
0.009980
0.069155
-0.015412
0.038057
0.015656
0.000427
0.031678
-0.005097
0.018189
0.006623
0.003662
-0.015687
-0.012513
-0.044404
-0.020844
-0.022309
-0.042604
-0.001068
-0.056063
-0.015931
-0.037111
-0.022553
-0.023103
-0.014557
-0.012146
-0.021332
0.007263
-0.033448
0.030335
-0.021271
0.036866
-0.010102
0.009064
-0.002869
-0.015015
0.020234
-0.010804
0.024781
-0.004334
0.005890
-0.021027
-0.001099
-0.036348
0.009278
-0.013916
-0.000458
0.017731
-0.027497
0.022614
-0.017121
0.008728
0.004608
-0.002197
-0.006195
-0.000153
-0.023377
0.004852
-0.021058
0.018860
0.017701
0.042787
0.072390
0.045381
0.071139
0.029420
0.026032
0.011780
0.012574
-0.010590
0.026063
-0.015320
0.020478
0.000244
-0.011689
0.004730
-0.030488
-0.004639
-0.027985
-0.007630
-0.015931
0.001617
0.008911
0.012421
0.020417
0.013520
