-0.018555
-0.018555
-0.014008
0.022736
-0.008118
0.057558
-0.003815
0.040529
-0.001251
-0.008759
0.000885
-0.039552
0.002777
-0.043031
-0.002533
-0.033479
-0.011628
-0.024415
-0.015412
0.021149
-0.010620
0.080142
-0.002625
0.087222
0.004913
0.016694
0.018067
-0.069002
0.032258
-0.068178
0.030457
0.013825
0.010224
0.094852
-0.009766
0.137455
-0.014283
0.162816
-0.008698
0.191992
-0.005707
0.082400
0.001373
-0.119327
0.012238
-0.253945
0.019135
-0.256722
0.007172
-0.196204
-0.014008
-0.162786
-0.023133
-0.051729
-0.017060
0.085452
-0.005799
0.168859
-0.000702
0.204688
0.002991
0.231849
0.006439
0.188025
0.003479
0.041871
-0.007569
-0.098392
-0.018097
-0.123997
-0.013367
-0.071627
0.002655
-0.043031
0.015015
-0.029389
0.020600
-0.018342
0.022950
-0.009674
0.026063
-0.029969
0.020295
-0.063906
0.010346
-0.069765
0.004212
-0.026734
-0.001221
0.031587
-0.006439
0.057100
-0.008301
0.055452
-0.004089
0.050050
0.000885
0.062563
0.002838
0.086795
0.003265
0.109775
0.003815
0.077944
0.004944
0.004181
0.006287
-0.053865
0.007569
-0.039003
0.004975
0.015778
0.000061
0.036073
-0.002655
0.016358
-0.002045
-0.020966
0.000061
-0.041444
0.000000
-0.057772
-0.002411
-0.072756
-0.005554
-0.063814
-0.005219
-0.015076
-0.000732
0.037263
0.004089
0.029939
0.009308
-0.029328
0.016175
-0.081515
0.022767
-0.085391
0.014924
-0.060213
-0.003662
-0.047029
-0.017548
-0.040681
-0.018189
-0.036470
-0.012024
-0.034425
-0.009980
-0.050813
-0.003082
-0.074892
0.005829
-0.070528
0.009674
-0.014954
0.005921
0.053438
0.000183
0.082827
0.001251
0.079501
0.008698
0.073916
0.016511
0.041597
0.014008
-0.025971
0.002808
-0.086764
-0.006684
-0.068300
-0.006104
0.002594
0.000549
0.047304
0.004120
0.053194
0.002350
0.040590
-0.002014
0.034181
-0.004089
-0.005432
-0.005005
-0.058077
-0.005432
-0.076357
-0.001923
-0.047304
0.011017
-0.007569
0.026002
0.016358
0.026551
0.039064
0.011567
0.061403
-0.003693
0.060945
-0.007599
0.038759
-0.004395
0.021424
-0.002716
0.021058
0.000671
0.029817
0.006043
0.030885
0.009674
-0.009705
0.004273
-0.071413
-0.005615
-0.106357
-0.009888
-0.105716
-0.006806
-0.091830
-0.001068
-0.065767
0.003388
0.009705
0.010590
0.094272
0.018220
0.117252
0.013794
0.080966
-0.004913
0.045473
-0.023225
0.029633
-0.025086
0.018983
-0.015290
0.007233
-0.008637
-0.014893
0.005921
-0.043184
0.026765
-0.064394
0.040193
-0.055361
0.019684
-0.031617
-0.017273
-0.030854
-0.030152
-0.066164
-0.008667
-0.113529
0.024415
-0.102542
