-0.034791
-0.034791
-0.086489
-0.030732
-0.088046
-0.026368
-0.092929
-0.026307
-0.092929
-0.028504
-0.091525
-0.028138
-0.086825
-0.027284
-0.079684
-0.027406
-0.063265
-0.027894
-0.040651
-0.021638
-0.028932
-0.011719
-0.020753
-0.006439
-0.026368
-0.002289
-0.041169
-0.008545
-0.030824
-0.021088
-0.010163
-0.018494
0.016480
-0.010041
0.050783
-0.000702
0.073305
0.011536
0.092410
0.018128
0.110660
0.022797
0.127079
0.025941
0.143345
0.027436
0.158757
0.034639
0.179357
0.044374
0.202490
0.054842
0.217780
0.066775
0.229713
0.070894
0.243812
0.071261
0.257759
0.076998
0.272927
0.084170
0.288705
0.088870
0.301096
0.092807
0.311808
0.092044
0.319773
0.088382
0.325480
0.086795
0.317789
0.085116
0.301706
0.081606
0.288675
0.077059
0.273904
0.076296
0.269051
0.077242
0.269021
0.081942
0.267769
0.089419
0.267800
0.092044
0.265023
0.093081
0.261208
0.089572
0.260048
0.082827
0.259957
0.076174
0.256386
0.068239
0.251289
0.065523
0.239143
0.065188
0.222388
0.064821
0.205023
0.065401
0.185430
0.063051
0.165685
0.059420
0.144932
0.055147
0.127476
0.049959
0.111515
0.047121
0.101535
0.045259
0.095523
0.042726
0.083804
0.040254
0.070528
0.033906
0.050600
0.025422
0.026276
0.016419
0.005280
0.006256
-0.015625
0.001251
-0.032472
-0.001282
-0.047029
-0.003174
-0.061007
-0.003723
-0.073702
-0.009217
-0.092898
-0.016968
-0.115177
-0.025758
-0.137333
-0.036042
-0.160680
-0.042451
-0.180609
-0.047334
-0.199103
-0.050233
-0.217902
-0.051424
-0.236305
-0.055116
-0.253121
-0.059542
-0.268868
-0.065920
-0.283029
-0.073702
-0.295785
-0.080630
-0.305826
-0.087649
-0.313730
-0.093173
-0.322123
-0.097903
-0.329966
-0.100955
-0.332621
-0.102756
-0.332133
-0.102878
-0.322092
-0.101535
-0.305460
-0.097842
-0.288644
-0.092257
-0.268990
-0.088290
-0.254738
-0.084445
-0.242347
-0.084536
-0.234199
-0.086825
-0.229194
-0.090304
-0.224860
-0.095370
-0.222175
-0.097201
-0.217841
-0.097903
-0.213233
-0.095004
-0.203406
-0.089663
-0.190527
-0.084231
-0.171545
-0.077761
-0.147893
-0.070101
-0.125675
-0.061342
-0.102359
-0.053468
-0.078524
-0.045625
-0.053957
-0.039277
-0.032991
-0.033784
-0.013733
-0.029939
-0.000183
-0.027345
0.009461
-0.026093
0.016724
-0.026124
0.021027
-0.022736
0.028169
-0.017914
0.035676
-0.009796
0.046999
0.000732
0.060549
0.008515
0.076601
0.015717
0.095004
0.018921
0.110233
0.019654
0.124638
0.021302
0.137944
0.022462
0.150304
0.025147
0.161718
0.028504
0.172185
0.031617
0.180609
0.034852
0.187506
0.038453
