0.021912
0.021912
0.042940
0.019684
0.038423
0.013703
0.024476
0.005219
0.008240
-0.006134
-0.013123
-0.011628
-0.027253
-0.015046
-0.039430
-0.017640
-0.042543
-0.018952
-0.039766
-0.016724
-0.032502
-0.011994
-0.020325
-0.004212
-0.006470
0.006256
0.010315
0.010163
0.016114
0.011505
0.016999
0.009491
0.011170
0.004578
-0.000397
0.002747
-0.003327
0.001434
-0.003784
-0.000885
-0.006836
-0.003601
-0.010315
-0.004425
-0.007080
-0.004334
-0.000214
-0.003937
-0.000336
-0.002960
-0.002838
-0.005646
-0.009430
-0.010193
-0.019288
-0.014466
-0.028748
-0.019410
-0.039369
-0.020631
-0.049654
-0.020020
-0.060213
-0.018342
-0.049287
-0.015320
-0.026399
-0.013276
-0.019105
-0.011261
-0.015564
-0.013489
-0.014924
-0.018128
-0.017396
-0.022614
-0.018281
-0.028016
-0.019532
-0.028413
-0.025758
-0.026399
-0.034913
-0.033906
-0.040223
-0.045778
-0.044557
-0.049257
-0.051698
-0.049806
-0.060030
-0.051820
-0.063478
-0.053438
-0.064699
-0.053377
-0.069430
-0.052217
-0.075198
-0.049501
-0.080447
-0.045412
-0.085818
-0.050508
-0.092593
-0.060213
-0.100192
-0.061403
-0.106876
-0.059725
-0.113407
-0.061403
-0.118320
-0.063784
-0.122288
-0.066683
-0.131779
-0.070193
-0.143925
-0.072329
-0.141942
-0.073946
-0.133122
-0.077609
-0.136540
-0.082247
-0.144017
-0.082705
-0.169500
-0.081240
-0.206702
-0.083010
-0.209540
-0.085788
-0.197974
-0.089724
-0.189489
-0.094699
-0.176794
-0.096957
-0.179479
-0.098178
-0.189032
-0.101474
-0.195257
-0.105533
-0.202460
-0.104709
-0.205176
-0.101413
-0.205786
-0.100223
-0.206030
-0.099155
-0.205237
-0.106021
-0.202857
-0.117374
-0.199164
-0.121647
-0.197943
-0.123783
-0.197516
-0.119236
-0.198859
-0.110080
-0.201544
-0.106449
-0.197607
-0.104007
-0.190558
-0.102756
-0.184851
-0.102664
-0.178594
-0.103885
-0.178991
-0.106388
-0.182897
-0.104617
-0.179205
-0.100955
-0.172674
-0.095462
-0.164556
-0.088168
-0.154363
-0.085482
-0.154210
-0.084689
-0.158818
-0.085391
-0.155339
-0.087741
-0.149297
-0.086703
-0.141148
-0.084475
-0.130833
-0.081027
-0.124393
-0.076418
-0.119266
-0.075442
-0.116886
-0.076022
-0.116611
-0.076327
-0.115177
-0.077120
-0.114017
-0.074892
-0.111972
-0.071200
-0.109592
-0.065859
-0.105747
-0.058931
-0.100955
-0.055116
-0.096072
-0.052370
-0.090762
-0.051271
-0.082736
-0.051485
-0.073000
-0.046175
-0.062746
-0.038270
-0.051515
-0.032624
-0.045473
-0.027223
-0.041932
-0.026643
-0.037355
-0.028840
-0.033204
-0.026826
-0.026551
-0.023591
-0.018708
-0.016694
-0.009308
-0.007263
0.001404
-0.002228
0.007385
0.001312
0.011292
0.003510
0.017121
0.004334
0.023164
0.008515
