0.128117
0.128117
0.111393
0.082186
0.068911
-0.001556
-0.007904
-0.010865
-0.012909
0.005982
0.008026
0.037049
0.040162
0.086886
0.089206
0.081454
0.079745
0.052767
0.044527
0.028871
0.019105
-0.001923
-0.011414
-0.009033
-0.016633
-0.005646
-0.009796
-0.002594
-0.002594
0.004517
0.009705
0.011536
0.018372
0.020173
0.027100
0.016877
0.022736
0.007538
0.011017
0.005371
0.009796
0.004761
0.011414
0.017457
0.025300
0.038240
0.047151
0.054872
0.061403
0.072512
0.074679
0.056032
0.059511
0.020844
0.028016
-0.006806
0.007202
-0.037965
-0.014313
-0.026521
-0.006775
0.007385
0.016663
0.021088
0.025636
0.032685
0.033113
0.015198
0.020203
-0.019471
-0.004730
-0.023560
-0.006500
-0.017548
-0.000275
0.002380
0.013764
0.034272
0.035493
0.039369
0.025208
0.034333
0.000153
0.011902
-0.023225
-0.024445
-0.051820
-0.023255
-0.045320
-0.006714
-0.021363
0.012177
0.001343
0.038728
0.030580
0.031373
0.035859
0.008148
0.030366
0.000427
0.024415
-0.005158
0.013764
0.012574
0.021119
0.044374
0.036622
0.045595
0.033479
0.035432
0.023225
0.004883
-0.006256
-0.041719
-0.049409
-0.032228
-0.042360
0.002075
-0.012879
0.027985
0.010437
0.059450
0.039644
0.050813
0.034455
0.022004
0.012452
0.000427
0.009766
-0.025361
0.010987
-0.026032
0.018708
-0.014344
0.031648
-0.006348
0.031953
0.004608
0.027345
-0.002228
0.019776
-0.017914
0.008545
-0.019196
0.001160
-0.016053
-0.005554
-0.015564
-0.010224
-0.014771
-0.013459
-0.026856
-0.033082
-0.046083
-0.061281
-0.057283
-0.081240
-0.066958
-0.100101
-0.071596
-0.097262
-0.072787
-0.081851
-0.074618
-0.077303
-0.075350
-0.073672
-0.092624
-0.086398
-0.118717
-0.108615
-0.139073
-0.133580
-0.159825
-0.163976
-0.162267
-0.173345
-0.154607
-0.173162
-0.150822
-0.162816
-0.145024
-0.142827
-0.154271
-0.133580
-0.171117
-0.126377
-0.186773
-0.140965
-0.204962
-0.168584
-0.211463
-0.186743
-0.212439
-0.204993
-0.211005
-0.204138
-0.205939
-0.192602
-0.201025
-0.189795
-0.194739
-0.187506
-0.193579
-0.201758
-0.194708
-0.225471
-0.202673
-0.248939
-0.215461
-0.276193
-0.220801
-0.269875
-0.223975
-0.246345
-0.222388
-0.217933
-0.217261
-0.179754
-0.228187
-0.175512
-0.246681
-0.186254
-0.255043
-0.201300
-0.260872
-0.224982
-0.253792
-0.227851
-0.238411
-0.222602
-0.227393
-0.217475
-0.215461
-0.209021
-0.209052
-0.213141
-0.205359
-0.222907
-0.202734
-0.224464
-0.201880
-0.223731
-0.200385
-0.217078
-0.199286
-0.206122
-0.197455
-0.198340
-0.195379
-0.190527
-0.194220
-0.187902
-0.193487
-0.188147
-0.191992
