0.204321
0.204321
0.213019
0.175970
0.163121
0.112796
0.093387
0.030457
0.006043
-0.054567
-0.084078
-0.125431
-0.160283
-0.172887
-0.214759
-0.195959
-0.240028
-0.198309
-0.240669
-0.175604
-0.223609
-0.144017
-0.186224
-0.117344
-0.124668
-0.081179
-0.048555
-0.029054
0.029603
0.031129
0.098331
0.106357
0.154424
0.176489
0.211402
0.215217
0.253121
0.226966
0.247444
0.209845
0.206336
0.161626
0.149541
0.092990
0.086825
0.020783
0.015564
-0.044160
-0.064547
-0.092746
-0.136479
-0.127293
-0.190222
-0.158208
-0.220679
-0.184149
-0.226997
-0.200232
-0.214667
-0.199652
-0.193457
-0.171911
-0.146519
-0.114444
-0.073031
-0.036348
0.006775
0.048891
0.080050
0.120579
0.142644
0.176519
0.189459
0.202216
0.220710
0.199713
0.227638
0.179662
0.199652
0.143437
0.156926
0.106693
0.106540
0.067873
0.045656
0.022492
-0.022248
-0.034761
-0.086032
-0.097293
-0.140416
-0.156285
-0.184118
-0.200781
-0.208960
-0.217658
-0.209906
-0.199011
-0.191076
-0.158452
-0.142552
-0.098758
-0.076235
-0.027955
-0.011444
0.033052
0.049471
0.082064
0.104007
0.118290
0.153966
0.141728
0.188269
0.159673
0.195441
0.176153
0.182440
0.177953
0.159246
0.155278
0.123447
0.108890
0.069521
0.044527
0.001740
-0.026948
-0.065432
-0.093600
-0.122257
-0.146336
-0.160466
-0.179022
-0.182775
-0.185064
-0.185278
-0.164525
-0.171606
-0.132054
-0.134404
-0.100803
-0.076601
-0.068361
-0.028748
-0.029572
0.020142
0.019471
0.072237
0.073885
0.117191
0.124332
0.153203
0.168126
0.171758
0.193487
0.170660
0.188238
0.152806
0.153844
0.119694
0.099979
0.072146
0.040651
0.015656
-0.013581
-0.039125
-0.063478
-0.083987
-0.099124
-0.119968
-0.119999
-0.141392
-0.135838
-0.151402
-0.147343
-0.149083
-0.151402
-0.123356
-0.138096
-0.087466
-0.101260
-0.056032
-0.045869
-0.016511
0.016053
0.037721
0.070833
0.088382
0.113437
0.124027
0.141606
0.142735
0.146855
0.143376
0.133274
0.131535
0.109500
0.113865
0.081759
0.082644
0.058718
0.034761
0.035524
-0.015229
0.004608
-0.057009
-0.035676
-0.095004
-0.080203
-0.121220
-0.120945
-0.138249
-0.142644
-0.147862
-0.143712
-0.133641
-0.125034
-0.098361
-0.085269
-0.054842
-0.039552
-0.008454
0.003754
0.037019
0.036988
0.078768
0.058260
0.115055
0.072420
0.136692
0.084780
0.138920
0.094638
0.126713
0.100223
0.106571
0.099643
0.079165
0.087100
0.043092
0.057131
0.000061
0.012391
-0.047823
-0.038392
-0.089724
-0.078799
-0.116428
-0.099551
-0.135166
-0.105289
-0.138035
-0.097598
-0.118259
-0.078249
-0.090670
-0.056032
