-0.154149
-0.154149
-0.288980
-0.180242
-0.343242
-0.204718
-0.359355
-0.216407
-0.391400
-0.210059
-0.433790
-0.190893
-0.438215
-0.166814
-0.392224
-0.137364
-0.320536
-0.097079
-0.250587
-0.046113
-0.181951
0.007447
-0.091281
0.055727
0.029572
0.092044
0.130284
0.125614
0.206671
0.162023
0.297769
0.190954
0.374645
0.199713
0.407941
0.190802
0.416028
0.176763
0.402112
0.158361
0.347850
0.134495
0.276955
0.102603
0.221290
0.062075
0.176397
0.017243
0.110111
-0.022431
0.010468
-0.054506
-0.083346
-0.084292
-0.136876
-0.112888
-0.169408
-0.137791
-0.210547
-0.152501
-0.246223
-0.154912
-0.267373
-0.153020
-0.281259
-0.147435
-0.280221
-0.130375
-0.257393
-0.105289
-0.230110
-0.080325
-0.218604
-0.050447
-0.189245
-0.016114
-0.127964
0.013092
-0.071871
0.040376
-0.026887
0.068453
0.023835
0.091250
0.083438
0.107517
0.141850
0.119297
0.188574
0.125431
0.219001
0.124058
0.235389
0.115726
0.248146
0.102115
0.258736
0.085177
0.249977
0.066744
0.218513
0.044527
0.181921
0.016511
0.135716
-0.013123
0.078829
-0.043275
0.023835
-0.070345
-0.037141
-0.087741
-0.100192
-0.100955
-0.148106
-0.112674
-0.184149
-0.119846
-0.214026
-0.119022
-0.239082
-0.107212
-0.256264
-0.088168
-0.247291
-0.066256
-0.207160
-0.041871
-0.159276
-0.014191
-0.119724
0.016480
-0.073702
0.047090
-0.010010
0.077120
0.055147
0.099521
0.112674
0.112583
0.165502
0.119236
0.200751
0.121006
0.218116
0.112522
0.228309
0.092898
0.227546
0.071902
0.204657
0.049989
0.157506
0.024873
0.101840
-0.004700
0.054506
-0.035676
0.010865
-0.063906
-0.042238
-0.084292
-0.097446
-0.097598
-0.140324
-0.105625
-0.165014
-0.111148
-0.178381
-0.111759
-0.179357
-0.101169
-0.162633
-0.082278
-0.148350
-0.058504
-0.126560
-0.032777
-0.074129
-0.007355
-0.021729
0.019562
0.005219
0.047456
0.029511
0.070833
0.061495
0.088015
0.092044
0.100497
0.120640
0.106784
0.140080
0.106174
0.142003
0.099857
0.129521
0.089175
0.116642
0.074068
0.109897
0.055391
0.099826
0.035035
0.081149
0.011902
0.056093
-0.015229
0.025361
-0.038820
-0.005951
-0.056368
-0.039186
-0.072359
-0.079562
-0.086062
-0.113407
-0.096744
-0.128178
-0.103153
-0.133396
-0.101382
-0.137425
-0.092624
-0.140477
-0.081729
-0.137150
-0.069338
-0.120518
-0.053835
-0.094974
-0.033448
-0.072085
-0.008606
-0.051424
0.016999
-0.022095
0.039521
0.016236
0.058748
0.055391
0.077212
0.097171
0.095309
0.131016
0.107212
0.150121
0.112003
0.172460
0.108829
0.192633
0.099704
0.194220
0.088778
0.179083
0.072848
