0.079623
0.079623
0.087405
0.078158
0.084384
0.076907
0.081179
0.074587
0.077822
0.072817
0.074313
0.070925
0.070711
0.068117
0.066866
0.065310
0.062990
0.063082
0.058901
0.060244
0.054781
0.057863
0.050508
0.055269
0.046175
0.052858
0.041780
0.050447
0.037324
0.048128
0.032838
0.045839
0.028260
0.043641
0.023713
0.041444
0.019105
0.039247
0.014496
0.036988
0.009827
0.034669
0.005188
0.032258
0.000519
0.029756
-0.004151
0.027253
-0.008789
0.024659
-0.013428
0.022126
-0.017975
0.019501
-0.022462
0.016938
-0.026856
0.014374
-0.030976
0.011780
-0.035310
0.009217
-0.039216
0.006378
-0.043184
0.004120
-0.046846
0.001373
-0.050417
-0.001068
-0.053774
-0.003723
-0.056978
-0.006348
-0.059999
-0.009095
-0.062838
-0.011902
-0.065493
-0.014801
-0.067934
-0.017762
-0.070132
-0.020814
-0.072237
-0.023865
-0.074038
-0.026948
-0.075686
-0.030091
-0.077090
-0.033204
-0.078310
-0.036348
-0.079348
-0.039460
-0.080081
-0.042573
-0.080721
-0.045625
-0.081179
-0.048616
-0.081301
-0.051607
-0.081332
-0.054476
-0.081118
-0.057283
-0.080721
-0.059999
-0.080172
-0.062685
-0.079409
-0.065249
-0.078494
-0.067812
-0.077425
-0.070193
-0.076235
-0.072634
-0.074862
-0.074953
-0.073336
-0.077303
-0.071688
-0.079562
-0.069918
-0.081820
-0.068300
-0.083895
-0.065889
-0.085940
-0.063906
-0.087832
-0.061403
-0.089633
-0.058931
-0.091342
-0.056246
-0.092929
-0.054140
-0.094455
-0.050539
-0.095828
-0.047945
-0.097049
-0.044496
-0.098086
-0.041353
-0.098819
-0.037843
-0.099368
-0.034303
-0.099582
-0.030610
-0.099490
-0.026795
-0.099094
-0.022858
-0.098361
-0.018799
-0.097324
-0.014588
-0.095614
-0.010285
-0.094150
-0.005829
-0.091800
-0.001251
-0.087527
0.003418
-0.086459
0.008209
-0.081820
0.010315
-0.078982
0.018189
-0.074465
0.021271
-0.070254
0.027772
-0.065462
0.032350
-0.060488
0.038057
-0.055208
0.043336
-0.049776
0.048860
-0.044099
0.054323
-0.038209
0.059877
-0.032167
0.065401
-0.025941
0.070925
-0.019623
0.076418
-0.013153
0.081820
-0.006714
0.087100
-0.000214
0.092380
0.006256
0.097415
0.012635
0.102298
0.018952
0.106967
0.025056
0.111362
0.031007
0.115543
0.036683
0.119388
0.042085
0.122898
0.047182
0.126102
0.051881
0.128941
0.056276
0.132389
0.060305
0.133427
0.063997
0.135807
0.067385
0.136601
0.070437
0.137700
0.073214
0.138096
0.075686
0.138096
0.077944
0.137791
0.079958
0.137028
0.081820
0.135929
0.083590
0.134495
0.085208
0.132572
0.086764
0.130436
0.088229
0.127842
0.089572
0.125004
0.091922
0.121830
0.091861
