0.555559
0.555559
0.222236
0.888913
-0.444472
0.284707
0.062716
0.695730
0.000153
0.006104
0.062502
-0.500015
0.221229
0.892758
-0.443983
0.409742
0.900632
-0.427869
0.535752
-0.841548
-0.427381
0.599261
-0.583667
0.088504
0.101810
0.041780
0.000000
0.000061
0.000244
0.000000
0.000000
0.658223
-0.458632
0.658834
0.916196
-0.442518
0.847346
0.924070
-0.426405
0.785852
-0.822016
0.589251
0.849330
-0.325785
0.635884
0.789758
-0.825556
0.698416
0.793664
-0.825434
0.698416
0.793664
-0.825434
0.698416
0.793664
-0.825434
0.698416
0.793664
-0.825434
0.698416
-0.987640
-0.868679
0.002594
0.015625
0.000000
-0.904324
0.047884
0.251015
0.782861
0.000641
0.007813
0.000000
-0.218268
-0.964385
0.252693
-0.774285
0.192541
0.101810
0.041780
0.000000
0.000031
0.031251
0.807428
-0.831446
0.826563
-0.387219
0.533891
-0.942625
-0.714255
0.703513
0.611927
-0.400647
-0.410871
-0.327403
-0.917447
-0.387127
-0.725822
0.402448
0.439406
-0.842647
0.580645
0.515915
0.673940
0.000031
0.001953
-1.000031
-0.841792
0.789850
-0.971435
0.846461
0.202551
-0.341777
0.789850
-0.846431
-0.774621
-0.668386
-0.888150
0.298410
-0.592273
-0.774560
-0.480911
0.614948
0.339244
-0.189062
-0.774621
-0.981903
-0.868679
0.002594
0.062502
0.000000
0.129002
0.064516
-0.968017
0.516129
0.258065
0.129032
0.064516
-0.959960
0.641255
0.260018
0.407239
0.167119
0.000000
0.000244
0.000977
0.000000
0.888699
0.555559
0.284738
0.892819
0.571429
0.285714
-0.853267
-0.412732
0.411695
-0.599292
0.603168
0.475204
-0.345317
-0.380993
0.476180
-0.091342
0.619282
0.538713
0.158727
-0.349223
0.603168
0.416608
0.650807
0.539720
0.666616
0.666677
0.666677
0.916684
0.682791
0.919645
0.174535
0.698691
0.730186
0.190161
0.761437
0.985137
0.063265
0.695730
0.000153
0.003906
0.125004
0.195502
0.129032
0.064516
-0.967772
0.516129
0.322581
-0.838740
-0.919401
-0.451643
0.024171
0.525468
0.010437
-1.000031
0.000000
0.000061
0.000000
-0.444472
0.222205
0.892819
0.555803
0.284738
-0.853267
0.571673
0.411725
-0.599292
-0.412244
0.474227
-0.341411
0.603656
0.538713
-0.087436
-0.364879
0.664693
0.416608
-0.364849
0.603168
0.412702
-0.364849
0.665670
0.670644
0.666921
0.667653
0.916745
0.682302
0.667684
0.920652
-0.285989
0.733116
-0.571520
0.730155
0.920652
-0.817499
-0.371075
0.668477
-1.000031
0.000122
-0.886746
0.444441
-0.714560
-0.919706
0.569475
0.285592
0.142857
0.203619
0.083560
-0.875027
0.000031
0.000488
-0.730491
