0.033418
0.033418
0.040986
0.043947
-0.010407
-0.074068
-0.146825
-0.214667
-0.281228
-0.340037
-0.393597
-0.438826
-0.477340
-0.506943
-0.527909
-0.540086
-0.543901
-0.538621
-0.526170
-0.505020
-0.487808
-0.471664
-0.445479
-0.411817
-0.370067
-0.322428
-0.269051
-0.211585
-0.150884
-0.088137
-0.024323
0.039277
0.101688
0.161931
0.219001
0.271187
0.319803
0.361980
0.399884
0.429029
0.454207
0.468642
0.480911
0.477645
0.497574
0.562578
0.565233
0.533036
0.484848
0.427473
0.365307
0.299173
0.231727
0.163030
0.094821
0.027100
-0.037873
-0.099887
-0.157933
-0.211554
-0.260079
-0.302957
-0.339763
-0.370128
-0.393597
-0.410443
-0.420148
-0.423444
-0.419568
-0.409711
-0.393292
-0.372265
-0.345225
-0.315592
-0.293710
-0.269417
-0.239204
-0.203528
-0.165532
-0.121830
-0.078280
0.039644
0.155004
0.212317
0.255501
0.282998
0.306955
0.322733
0.335002
0.340739
0.343150
0.339213
0.332163
0.319346
0.304788
0.283334
0.262825
0.232002
0.251930
0.287667
0.270333
0.237587
0.191870
0.144169
0.092715
0.042085
-0.008759
-0.057497
-0.104709
-0.148930
-0.189306
-0.225562
-0.257271
-0.284158
-0.305948
-0.322275
-0.333415
-0.339030
-0.339305
-0.334422
-0.324564
-0.310007
-0.291391
-0.268136
-0.249123
-0.234901
-0.214026
-0.196112
-0.182073
-0.162297
-0.137761
-0.108768
-0.076418
-0.041353
-0.004486
0.033570
0.071780
0.109500
0.146092
0.180975
0.212867
0.242256
0.267037
0.288827
0.305704
0.319224
0.326823
0.331248
0.328959
0.324625
0.310984
0.309000
0.355846
0.368664
0.348003
0.315012
0.272744
0.226325
0.176977
0.127171
0.134373
0.133549
0.089908
0.038881
-0.020112
-0.076510
-0.133091
-0.184912
-0.233650
-0.276833
-0.315409
-0.347789
-0.373791
-0.393292
-0.406140
-0.412641
-0.412610
-0.406049
-0.393841
-0.375378
-0.353465
-0.336711
-0.316874
-0.290506
-0.259194
-0.222999
-0.183172
-0.140233
-0.095370
-0.048891
-0.002167
0.044465
0.089877
0.133641
0.175115
0.212958
0.246925
0.277230
0.302927
0.324168
0.339457
0.350810
0.355022
0.351390
0.331309
0.352947
0.384442
0.372234
0.346141
0.308054
0.266854
0.221107
0.174322
0.126072
0.078249
0.030183
-0.016480
-0.061068
-0.103153
-0.142247
-0.177862
-0.209632
-0.237037
-0.260018
-0.278390
-0.291696
-0.300211
-0.303964
-0.302652
-0.297189
-0.287271
-0.272744
-0.254769
-0.232337
-0.212500
-0.196661
-0.177526
-0.153691
-0.126804
-0.043001
0.037324
0.077425
0.108768
0.130070
0.150212
0.165410
0.179540
0.189795
0.198279
0.202490
0.204871
0.204413
0.201788
0.196081
0.188421
0.177801
