0.053774
0.053774
0.053804
0.044160
0.039644
0.006378
0.006867
0.008209
0.005829
0.002594
-0.002503
-0.046205
-0.051149
-0.101199
-0.100528
-0.121769
-0.115299
-0.086276
-0.079348
-0.027345
-0.029420
-0.083377
-0.088107
-0.222205
-0.220862
-0.268960
-0.273385
-0.272774
-0.279641
-0.298410
-0.294168
-0.280190
-0.269143
-0.196509
-0.188818
-0.148839
-0.146092
-0.152867
-0.157689
-0.135533
-0.142674
-0.174261
-0.175878
-0.256508
-0.252266
-0.204352
-0.199164
-0.130650
-0.124485
-0.136692
-0.136082
-0.116642
-0.115085
-0.076022
-0.078921
-0.026521
-0.034852
0.060976
0.055696
0.058779
0.052919
-0.057436
-0.059420
-0.131260
-0.133091
-0.178625
-0.177282
-0.204962
-0.201086
-0.146764
-0.139561
-0.074526
-0.065920
-0.089419
-0.084353
-0.120609
-0.118686
-0.081576
-0.086215
-0.063112
-0.069002
-0.058748
-0.063417
-0.047060
-0.045717
-0.058596
-0.049013
-0.060854
-0.048280
-0.080721
-0.074526
-0.096683
-0.103885
-0.064211
-0.077761
-0.041353
-0.050905
-0.028230
-0.027863
-0.008332
-0.002075
0.020692
0.021027
0.049409
0.053713
0.034913
0.043916
-0.026978
-0.031037
-0.070406
-0.079989
-0.030091
-0.043062
0.071749
0.069277
0.156865
0.162450
0.150121
0.158849
0.152074
0.158635
0.205329
0.202490
0.208350
0.207434
0.180059
0.182257
0.170690
0.164830
0.148534
0.130711
0.065035
0.067629
0.058412
0.071200
0.144871
0.145604
0.146184
0.148442
0.114078
0.117527
0.143925
0.143193
0.140172
0.143956
0.110782
0.110385
0.196326
0.188543
0.259285
0.264107
0.265908
0.280160
0.363903
0.363750
0.373150
0.368023
0.275185
0.279916
0.198889
0.198340
0.116977
0.113132
0.009888
-0.002411
-0.045503
-0.057253
-0.077181
-0.066164
-0.101260
-0.078829
-0.071108
-0.062746
-0.075991
-0.087252
-0.100009
-0.111911
-0.046236
-0.052248
-0.035554
-0.037172
-0.042055
-0.052431
0.090030
0.096591
0.211676
0.238289
0.240913
0.254006
0.259041
0.262093
0.241554
0.232429
0.149907
0.134831
0.035157
0.031892
-0.016602
-0.012268
0.020936
0.018891
0.037355
0.039552
0.015320
0.021363
0.110202
0.109226
0.283578
0.281716
0.411176
0.407910
0.509598
0.511124
0.585955
0.590320
0.571154
0.569842
0.480575
0.476943
0.434980
0.425733
0.417402
0.414380
0.385144
0.394910
0.356548
0.369274
0.383251
0.388501
0.440107
0.439863
0.486923
0.481185
0.503952
0.485336
0.470321
0.455489
0.417371
0.418043
0.330088
0.342845
0.228187
0.244972
0.116520
0.126743
-0.026246
-0.023164
-0.091769
-0.103153
-0.073611
-0.101230
-0.074526
-0.092685
-0.087069
-0.085177
-0.082247
