-0.035707
-0.035707
0.002350
-0.016480
0.001343
0.012238
-0.000061
-0.064608
0.003784
-0.020661
0.001404
-0.026276
0.001099
-0.138310
0.006989
-0.027802
0.006256
0.096225
0.006989
-0.005341
0.006836
-0.096683
-0.007447
-0.060396
-0.031159
-0.029084
-0.071505
-0.085788
-0.088839
-0.016419
0.007752
0.190222
0.178014
0.292428
0.262398
0.236915
0.218177
0.169561
0.133091
0.062624
0.047670
-0.044893
-0.039094
-0.036317
-0.093936
-0.094302
-0.128208
-0.094913
-0.144993
-0.085665
-0.147404
-0.157720
-0.152196
-0.123051
-0.158940
-0.087039
-0.172735
-0.150792
-0.168737
-0.156041
-0.165197
-0.081637
-0.158605
-0.100467
-0.157811
-0.140233
-0.156682
-0.210944
-0.141758
-0.136601
-0.130222
-0.080081
-0.116367
-0.116825
-0.102725
-0.103275
-0.098392
-0.163549
-0.115787
-0.184149
-0.162297
-0.187292
-0.210517
-0.252663
-0.221412
-0.252998
-0.220649
-0.197974
-0.212073
-0.165654
-0.188269
-0.171087
-0.151219
-0.172674
-0.119968
-0.143101
-0.096500
-0.121220
-0.082064
-0.125370
-0.069857
-0.068819
-0.059572
-0.020905
-0.049043
-0.070101
-0.041566
-0.031617
-0.044252
-0.072970
-0.047273
-0.136631
-0.049989
-0.042665
-0.066805
0.024659
-0.082492
-0.071657
-0.099185
-0.187201
-0.113102
-0.168584
-0.130284
-0.111393
-0.146214
-0.093905
-0.157811
-0.096011
-0.159062
-0.172857
-0.153356
-0.251350
-0.142796
-0.146214
-0.138585
-0.067354
-0.136113
-0.090365
-0.124241
-0.126865
-0.102847
-0.181799
-0.077456
-0.094638
-0.052370
0.009735
-0.025269
0.011536
0.007263
0.083865
0.041719
0.065523
0.083712
0.062288
0.122959
0.162877
0.154546
0.103519
0.191809
0.226325
0.222114
0.328013
0.254891
0.319193
0.294076
0.339854
0.331828
0.306436
0.373180
0.409894
0.408307
0.498581
0.442427
0.480056
0.479568
0.573199
0.509201
0.590533
0.542375
0.569994
0.574725
0.651326
0.601886
0.654653
0.632282
0.734336
0.656636
0.747673
0.681631
0.693167
0.708213
0.749290
0.729331
0.681204
0.756981
0.762658
0.776330
0.885800
0.791436
0.758660
0.818995
0.836512
0.833705
0.934294
0.845546
0.840480
0.867977
0.848018
0.884091
0.882015
0.896908
0.863338
0.910337
0.942137
0.916898
0.962767
0.923460
0.926664
0.933622
0.864620
0.941496
0.894803
0.944060
0.964782
0.941893
0.967681
0.941862
0.935057
0.943449
0.936796
0.941099
0.893857
0.939116
0.809687
0.936766
0.887295
0.928159
0.936186
0.918271
0.872646
0.912046
0.853694
0.899686
0.839747
0.882870
0.848903
0.861110
0.837062
0.837703
0.795679
0.815821
0.782830
0.793512
0.814142
0.768853
0.781915
