0.018830
0.018830
0.019745
0.021729
0.021882
0.033479
0.031556
0.023743
0.022797
0.003204
0.003815
-0.015107
-0.013092
-0.001312
-0.003265
0.024537
0.017823
0.001495
-0.000275
-0.029908
-0.026917
-0.018097
-0.018860
-0.001343
-0.003693
0.016541
0.014222
-0.002045
-0.000122
-0.023774
-0.022248
-0.029450
-0.032289
-0.037446
-0.040010
-0.045167
-0.042756
-0.023316
-0.022217
-0.027406
-0.027894
-0.071108
-0.069979
-0.092563
-0.093417
-0.086093
-0.089419
-0.040162
-0.047121
-0.014496
-0.016724
-0.019379
-0.015107
-0.057802
-0.054140
-0.154851
-0.152135
-0.216681
-0.215949
-0.167455
-0.168859
-0.047151
-0.047700
0.071932
0.067934
0.065889
0.061220
-0.064028
-0.067171
-0.206336
-0.208197
-0.274483
-0.271126
-0.196905
-0.194555
-0.042695
-0.045259
0.064547
0.062960
0.115604
0.114109
0.086825
0.085360
-0.016419
-0.016602
-0.164892
-0.161596
-0.267129
-0.265267
-0.265419
-0.268532
-0.179968
-0.184057
-0.014679
-0.019532
0.137120
0.136174
0.216559
0.218085
0.188574
0.188696
0.044710
0.046266
-0.110416
-0.110294
-0.204718
-0.207587
-0.231025
-0.231605
-0.170507
-0.170171
-0.055055
-0.054537
0.079348
0.079745
0.214698
0.212867
0.278298
0.280496
0.260414
0.265297
0.174352
0.173833
0.018220
0.013794
-0.163823
-0.165380
-0.270302
-0.269845
-0.246986
-0.247353
-0.107517
-0.108249
0.090945
0.091617
0.276254
0.278726
0.405225
0.405805
0.457259
0.453352
0.410718
0.406446
0.276131
0.277108
0.138279
0.140080
0.014039
0.018525
-0.019013
-0.017335
0.037965
0.032350
0.060671
0.062838
0.098758
0.104282
0.140873
0.143254
0.153325
0.154027
0.162420
0.162603
0.199591
0.197638
0.260140
0.256508
0.295144
0.296152
0.319071
0.321604
0.312998
0.313547
0.255104
0.254433
0.144688
0.146947
0.037080
0.038697
-0.052522
-0.053041
-0.122684
-0.123936
-0.164495
-0.164495
-0.169622
-0.165197
-0.095126
-0.094333
-0.009491
-0.011505
0.037721
0.038759
0.062319
0.065554
0.088290
0.087985
0.117832
0.111606
0.105258
0.103061
0.103153
0.105319
0.145085
0.145238
0.185675
0.184454
0.216346
0.215003
0.246559
0.245888
0.268929
0.272042
0.310251
0.312754
0.377270
0.372997
0.406995
0.402997
0.398480
0.400037
0.394391
0.396069
0.390637
0.386486
0.356151
0.349101
0.294443
0.292978
0.256294
0.260140
0.260048
0.261391
0.243568
0.242164
0.178777
0.179296
0.107273
0.109745
0.049043
0.049959
0.001099
-0.002075
-0.059114
-0.062960
-0.148595
-0.147771
-0.199225
-0.196234
-0.194586
-0.194372
-0.224433
-0.223792
-0.264473
-0.262825
-0.280221
