0.222205
0.222205
0.888913
0.055788
0.101810
0.041780
-0.437513
0.000000
0.000244
0.638691
0.539933
0.347240
0.896725
0.556291
0.472274
-0.845454
0.572405
0.598285
-0.587634
0.588275
0.661794
0.062838
0.695730
0.000153
0.015625
0.062502
0.000000
0.000000
0.500015
0.596332
0.662282
0.541642
0.722343
0.920164
0.558000
0.847377
-0.822016
-0.426649
0.848354
-0.575854
0.604877
0.787805
0.174352
0.667165
0.793664
-0.825434
0.698416
0.793664
-0.825434
0.698416
0.793664
-0.825434
0.698416
0.793664
-0.825434
0.698416
0.793664
-0.825434
-0.371075
0.668477
0.000000
0.000061
0.500015
0.262093
0.258003
0.407239
0.167119
0.000000
0.000031
0.125004
-0.868068
0.691549
-0.209967
-0.706198
0.063234
0.695730
0.000153
0.007813
0.000000
0.695456
-0.840632
-0.401715
0.878231
0.678182
0.697409
-0.839656
0.098758
0.651204
-0.560137
0.826563
0.193701
-0.852870
0.902676
0.201605
-0.971618
0.485946
0.290780
0.645161
0.072573
0.525468
0.010437
0.500015
0.000000
0.511734
0.199835
-0.676626
0.691519
-0.145146
0.508591
0.201788
-0.676626
-0.292398
0.903226
0.645833
0.394971
0.383984
-0.275765
0.895413
-0.572222
0.846156
-0.397137
-0.289834
0.645405
-0.371044
0.668477
0.000000
0.000244
-0.976592
0.516129
0.195563
0.129032
0.064516
-0.967772
0.516129
0.258065
0.160314
0.565020
0.251015
0.782861
0.000641
0.062502
0.250008
0.000000
-0.500015
0.222205
0.892819
0.555803
0.284738
-0.857173
-0.428602
0.348216
-0.603198
0.587542
0.411725
-0.349223
-0.396619
0.475204
-0.095248
0.619037
0.538713
-0.091342
0.634907
0.602191
0.412702
0.650807
0.603198
0.166601
0.650563
0.666677
0.666677
0.666677
0.792657
-0.575488
0.683279
0.860073
0.924619
0.682546
0.922636
0.190466
0.199164
0.101810
0.041780
-1.000031
0.000000
0.047365
-0.968017
0.516129
0.258065
0.129032
0.580157
-0.709708
0.645161
0.387036
0.193548
0.515732
0.673940
0.000031
0.003906
0.015625
0.000000
0.218757
0.888913
0.555559
0.284738
0.892819
-0.428602
0.348216
-0.599353
0.587542
0.474227
-0.595386
0.603412
0.537736
-0.091403
-0.380749
0.601215
0.162633
0.651051
0.603198
0.412641
-0.349223
0.603168
0.412641
-0.317728
0.729179
0.916684
0.682302
0.667653
0.924558
-0.317728
0.792657
-0.321451
-0.301859
0.919645
-0.317484
0.730155
-0.987610
-0.868679
0.002594
0.035157
-1.000031
-0.222236
-0.920194
0.567522
-0.214545
-0.888455
0.571429
0.125553
-0.608600
0.000305
0.012207
0.125004
-1.000031
0.317454
-0.222236
-0.857692
