-0.209998
-0.209998
-0.234352
-0.242378
-0.232002
-0.244667
-0.229804
-0.243507
-0.256630
-0.244758
-0.266976
-0.268319
-0.270119
-0.291208
-0.292062
-0.285501
-0.317942
-0.309915
-0.304849
-0.331034
-0.300546
-0.307962
-0.339640
-0.323801
-0.346385
-0.345012
-0.341990
-0.337107
-0.375835
-0.344859
-0.368450
-0.366283
-0.353923
-0.384198
-0.391247
-0.386608
-0.417768
-0.410840
-0.415174
-0.454543
-0.412183
-0.432203
-0.418928
-0.418653
-0.428114
-0.445631
-0.420515
-0.429579
-0.437483
-0.425245
-0.464278
-0.443892
-0.442122
-0.442610
-0.411786
-0.439558
-0.395672
-0.402997
-0.381603
-0.370403
-0.383404
-0.369549
-0.361339
-0.347850
-0.335063
-0.322916
-0.349376
-0.304666
-0.333995
-0.292978
-0.292428
-0.285501
-0.288186
-0.266488
-0.262551
-0.272591
-0.223243
-0.249763
-0.241432
-0.186987
-0.233375
-0.176122
-0.163762
-0.157414
-0.140385
-0.119541
-0.147038
-0.114505
-0.125095
-0.091433
-0.115085
-0.087802
-0.112430
-0.086398
-0.084933
-0.036470
-0.045473
-0.029023
-0.004242
-0.023103
0.016724
0.034883
0.017579
0.050996
0.035096
0.045625
0.061403
0.072298
0.075625
0.087680
0.096133
0.082919
0.125950
0.110172
0.138524
0.163762
0.153020
0.178808
0.184667
0.191900
0.189459
0.229286
0.201544
0.240791
0.248817
0.258644
0.244362
0.271157
0.233863
0.261269
0.285348
0.290414
0.301553
0.310343
0.299905
0.311502
0.337870
0.337535
0.352123
0.346019
0.357219
0.378552
0.370373
0.422224
0.368572
0.400983
0.392529
0.403638
0.425489
0.444929
0.429426
0.457717
0.429060
0.477798
0.449355
0.493820
0.487411
0.486587
0.499161
0.490097
0.499741
0.499954
0.524613
0.514206
0.515366
0.531327
0.504410
0.536393
0.547410
0.545579
0.566088
0.571184
0.563372
0.596851
0.590014
0.615436
0.611164
0.627827
0.615925
0.616535
0.620411
0.605365
0.640309
0.632466
0.655568
0.650105
0.637959
0.638844
0.641560
0.649342
0.657735
0.675771
0.647145
0.693930
0.681570
0.700888
0.735771
0.699118
0.728935
0.705893
0.715842
0.715567
0.719871
0.713462
0.702261
0.700125
0.683096
0.690237
0.688223
0.694143
0.690146
0.680685
0.660695
0.661122
0.646748
0.662038
0.663625
0.641865
0.647328
0.613239
0.619190
0.600085
0.611164
0.571459
0.578448
0.549730
0.540788
0.542070
0.535325
0.525254
0.530534
0.511277
0.499619
0.491012
0.468459
0.465438
0.467605
0.442549
0.451796
0.411725
0.411298
0.395093
0.409253
0.382824
0.395093
0.347636
0.339427
0.322153
0.328837
0.317667
0.329081
0.304544
0.292825
0.275124
0.273293
0.249580
