-0.167394
-0.167394
-0.164281
-0.135136
-0.132115
-0.096194
-0.093997
-0.056337
-0.054262
-0.018311
-0.018159
0.024140
0.021638
0.068972
0.066500
0.106326
0.101627
0.140812
0.134281
0.180731
0.175054
0.218696
0.211829
0.249489
0.241707
0.281777
0.273873
0.313303
0.304331
0.343364
0.332957
0.371654
0.360637
0.395856
0.383404
0.418867
0.403607
0.442244
0.426038
0.461562
0.445936
0.477248
0.462172
0.493271
0.478072
0.508469
0.492904
0.514969
0.500046
0.515366
0.500137
0.518876
0.503220
0.524216
0.509049
0.521012
0.506211
0.514023
0.498245
0.509751
0.493820
0.499832
0.483627
0.482833
0.465468
0.465682
0.448927
0.451796
0.436110
0.435377
0.420301
0.412152
0.399060
0.388409
0.377117
0.364818
0.354015
0.337809
0.327494
0.309275
0.300058
0.280129
0.271828
0.251900
0.242775
0.219825
0.212165
0.185278
0.179449
0.154729
0.148991
0.120579
0.116520
0.085391
0.083132
0.055910
0.052309
0.020142
0.016114
-0.018403
-0.021851
-0.051210
-0.054659
-0.082583
-0.085238
-0.117771
-0.117313
-0.154393
-0.151830
-0.188665
-0.185003
-0.223487
-0.217292
-0.257912
-0.250832
-0.286935
-0.279977
-0.316568
-0.309610
-0.349437
-0.341411
-0.380108
-0.370769
-0.407453
-0.398144
-0.435224
-0.425520
-0.463332
-0.452254
-0.487533
-0.476119
-0.509018
-0.497299
-0.534074
-0.521317
-0.556658
-0.542650
-0.575427
-0.560045
-0.596728
-0.580462
-0.618061
-0.601764
-0.636067
-0.619953
-0.654561
-0.638539
-0.673208
-0.657155
-0.687551
-0.670949
-0.699240
-0.681692
-0.713309
-0.696127
-0.727378
-0.711112
-0.736747
-0.719840
-0.742729
-0.724631
-0.749168
-0.730705
-0.754753
-0.734764
-0.756493
-0.736137
-0.757836
-0.737693
-0.758171
-0.738212
-0.755242
-0.735923
-0.751122
-0.731529
-0.745262
-0.725486
-0.737266
-0.717124
-0.728416
-0.708487
-0.716941
-0.699118
-0.704001
-0.687674
-0.690176
-0.674490
-0.673421
-0.658193
-0.656697
-0.640614
-0.641530
-0.625355
-0.622517
-0.607379
-0.600024
-0.585864
-0.578722
-0.565539
-0.557665
-0.545000
-0.534318
-0.521958
-0.511338
-0.499680
-0.489273
-0.478591
-0.464522
-0.454878
-0.438704
-0.429121
-0.413312
-0.404706
-0.388836
-0.380993
-0.364269
-0.356273
-0.338542
-0.331492
-0.312540
-0.307260
-0.287484
-0.283120
-0.262459
-0.258370
-0.236030
-0.233100
-0.210273
-0.207739
-0.186865
-0.183905
-0.163121
-0.161199
-0.138707
-0.137761
-0.114628
-0.114780
-0.091311
-0.092318
-0.067507
-0.069430
-0.045167
-0.047609
-0.023530
-0.026917
-0.001892
-0.006195
0.019074
0.014740
0.038942
0.034303
0.057772
0.052187
0.076846
0.070925
0.095065
