-0.341807
-0.341807
-0.358989
-0.359172
-0.367718
-0.357128
-0.369701
-0.343699
-0.355022
-0.340465
-0.337382
-0.293527
-0.300516
-0.330546
-0.321909
-0.327616
-0.323710
-0.338481
-0.330302
-0.354228
-0.339061
-0.300790
-0.297250
-0.322977
-0.302347
-0.283334
-0.292917
-0.357097
-0.360424
-0.383496
-0.402356
-0.449538
-0.462142
-0.429334
-0.454237
-0.414319
-0.439039
-0.424085
-0.416944
-0.368938
-0.356273
-0.340739
-0.328684
-0.339274
-0.336253
-0.360027
-0.352916
-0.307993
-0.316080
-0.292947
-0.282846
-0.263344
-0.258370
-0.304636
-0.288583
-0.281320
-0.289041
-0.260109
-0.265053
-0.246345
-0.244423
-0.217780
-0.218177
-0.231178
-0.220710
-0.197241
-0.206000
-0.214393
-0.212745
-0.192694
-0.193182
-0.145146
-0.151494
-0.146306
-0.140904
-0.141850
-0.140233
-0.098392
-0.099612
-0.107974
-0.092380
-0.039003
-0.047731
-0.062441
-0.061617
0.008271
-0.020753
-0.001129
-0.006439
0.048769
0.048311
0.079318
0.093875
0.142216
0.141728
0.084048
0.100223
0.144505
0.125797
0.125340
0.122684
0.146550
0.145512
0.210028
0.198462
0.187201
0.203040
0.217902
0.230232
0.194098
0.210669
0.244453
0.234413
0.184149
0.201270
0.279611
0.263222
0.228492
0.240089
0.298227
0.282357
0.275857
0.284738
0.328990
0.328379
0.313669
0.317179
0.328257
0.316538
0.347484
0.330851
0.331400
0.331828
0.404309
0.388897
0.405774
0.399548
0.449843
0.435438
0.452986
0.455763
0.463057
0.480789
0.502213
0.510056
0.505844
0.506607
0.492874
0.505173
0.539445
0.545488
0.519761
0.548753
0.566301
0.577593
0.545122
0.545213
0.506363
0.507797
0.536302
0.530290
0.579424
0.561174
0.549913
0.548753
0.577990
0.560381
0.539140
0.533006
0.575884
0.551561
0.528825
0.535295
0.588519
0.582873
0.587237
0.599231
0.576739
0.591266
0.580859
0.576739
0.536027
0.536760
0.548418
0.539384
0.544542
0.542619
0.547105
0.560839
0.562181
0.574023
0.527390
0.534196
0.513596
0.509079
0.527940
0.519913
0.538987
0.537492
0.584063
0.579211
0.557695
0.571429
0.572161
0.565142
0.528398
0.525742
0.536332
0.522019
0.545518
0.534776
0.548753
0.558458
0.593707
0.595416
0.548631
0.562548
0.517899
0.521714
0.487259
0.492203
0.463057
0.471114
0.513169
0.500992
0.482711
0.488174
0.518235
0.515458
0.487075
0.509232
0.503067
0.510483
0.469192
0.470443
0.446669
0.434828
0.433729
0.422437
0.441603
0.431562
0.457442
0.444868
0.474380
0.451369
0.399915
0.393902
0.427564
0.409467
0.402692
0.401196
0.427412
0.428449
0.425153
0.433912
0.391278
