-0.014863
-0.014863
-0.017243
-0.047334
-0.048219
-0.107547
-0.106693
-0.167455
-0.167333
-0.225990
-0.225471
-0.259041
-0.257759
-0.260292
-0.259255
-0.239601
-0.238533
-0.187841
-0.188299
-0.122074
-0.125187
-0.057772
-0.062380
-0.042238
-0.045076
-0.064913
-0.065432
-0.113804
-0.114566
-0.184423
-0.183813
-0.221717
-0.220222
-0.212775
-0.211768
-0.167272
-0.165593
-0.119541
-0.118168
-0.120487
-0.118442
-0.156194
-0.154515
-0.176794
-0.176824
-0.158269
-0.158788
-0.123875
-0.124638
-0.114078
-0.114231
-0.109622
-0.109134
-0.106967
-0.106723
-0.117710
-0.119144
-0.124302
-0.124973
-0.122654
-0.122318
-0.108310
-0.109165
-0.087893
-0.089022
-0.066530
-0.065889
0.003418
0.005188
0.088321
0.087313
0.131352
0.128300
0.109195
0.109470
0.064028
0.066897
0.042573
0.042879
0.008759
0.007721
-0.043031
-0.043214
-0.064974
-0.066164
-0.036470
-0.038423
0.006928
0.006378
0.032563
0.035005
0.038789
0.042756
0.032472
0.033876
0.000244
0.000824
-0.039857
-0.037690
-0.062471
-0.062624
-0.072970
-0.075716
-0.066103
-0.068484
-0.045808
-0.045625
-0.018311
-0.016785
0.016663
0.016816
0.015625
0.014252
0.001862
-0.002808
-0.042695
-0.046144
-0.101901
-0.100314
-0.092380
-0.091678
-0.061068
-0.061647
-0.037873
-0.036805
-0.018189
-0.016846
-0.009705
-0.008087
-0.024384
-0.022462
-0.042268
-0.042055
-0.074038
-0.074679
-0.110538
-0.109897
-0.108158
-0.106265
-0.053133
-0.053072
0.044740
0.043458
0.160100
0.158757
0.278756
0.276589
0.354839
0.353404
0.373791
0.373699
0.352855
0.354076
0.303323
0.305734
0.259346
0.261544
0.227424
0.228492
0.208991
0.209265
0.220771
0.219367
0.257485
0.255928
0.322611
0.321085
0.391247
0.390149
0.434645
0.435377
0.447493
0.448531
0.441694
0.442091
0.422193
0.420362
0.360485
0.359600
0.276772
0.278756
0.214972
0.215644
0.171880
0.171575
0.155797
0.156102
0.187658
0.187689
0.253182
0.251930
0.327342
0.326090
0.379131
0.380230
0.427503
0.430219
0.483169
0.483077
0.490158
0.487625
0.423017
0.422346
0.319651
0.318827
0.187414
0.184942
0.024812
0.024018
-0.127750
-0.124638
-0.214881
-0.210517
-0.213019
-0.212348
-0.174474
-0.175695
-0.131413
-0.130833
-0.055757
-0.056063
0.017121
0.017060
0.083132
0.084964
0.153386
0.155553
0.217078
0.218757
0.279153
0.277444
0.304910
0.301431
0.297617
0.294961
0.260414
0.259529
0.196570
0.198981
0.153996
0.153600
0.105716
0.099857
-0.021363
-0.023103
-0.161779
-0.158666
-0.244819
-0.244697
-0.326670
-0.328043
-0.425520
-0.424604
-0.495376
-0.494095
-0.530503
