-0.314280
-0.314280
-0.303934
-0.298257
-0.292062
-0.269723
-0.269967
-0.262795
-0.265999
-0.206427
-0.215033
-0.193640
-0.199530
-0.158025
-0.163579
-0.148900
-0.155156
-0.174078
-0.177313
-0.171117
-0.172491
-0.143040
-0.143315
-0.123539
-0.121158
-0.136570
-0.130345
-0.155950
-0.146184
-0.132542
-0.123692
-0.049989
-0.048189
-0.004425
-0.005066
0.027406
0.025422
0.075320
0.069063
0.076083
0.069460
0.068606
0.063204
0.053499
0.052278
0.029969
0.037873
0.046602
0.060884
0.178838
0.181951
0.262581
0.254463
0.216376
0.212073
0.158361
0.163762
0.218146
0.219733
0.278542
0.274270
0.278268
0.274819
0.245247
0.248665
0.239357
0.249062
0.309519
0.315317
0.389050
0.387341
0.368480
0.370281
0.378582
0.378430
0.374645
0.372936
0.384625
0.378307
0.380474
0.375988
0.369335
0.369945
0.361827
0.361980
0.358531
0.353099
0.363964
0.357585
0.365856
0.364147
0.379498
0.379925
0.365734
0.367931
0.331797
0.335551
0.303232
0.309488
0.331339
0.336253
0.354076
0.357189
0.353038
0.355388
0.328593
0.331828
0.336680
0.335185
0.328532
0.323618
0.311655
0.304239
0.261147
0.259407
0.205908
0.213782
0.202155
0.208472
0.225501
0.223151
0.205939
0.202185
0.192541
0.189611
0.172216
0.172460
0.136174
0.140385
0.101749
0.104007
0.073855
0.072542
0.047548
0.044008
0.044557
0.036897
0.078188
0.066622
0.077120
0.066347
0.017670
0.016480
-0.032899
-0.025819
-0.064852
-0.055879
-0.113742
-0.104740
-0.125462
-0.120792
-0.102268
-0.103122
-0.103824
-0.106204
-0.122074
-0.128147
-0.147343
-0.157689
-0.236030
-0.238227
-0.322428
-0.313303
-0.295114
-0.287027
-0.191992
-0.196875
-0.208747
-0.217109
-0.307596
-0.308512
-0.329081
-0.331797
-0.273141
-0.286874
-0.267006
-0.283608
-0.332286
-0.336955
-0.444533
-0.430769
-0.447249
-0.433515
-0.360729
-0.360607
-0.372234
-0.372265
-0.386731
-0.385815
-0.422864
-0.421400
-0.450880
-0.451430
-0.483077
-0.482009
-0.492660
-0.487503
-0.470687
-0.464431
-0.470229
-0.465865
-0.471725
-0.470534
-0.467879
-0.469710
-0.477065
-0.479324
-0.481796
-0.485153
-0.478866
-0.484359
-0.478713
-0.482162
-0.478774
-0.477584
-0.485946
-0.479171
-0.487869
-0.478896
-0.486831
-0.476150
-0.472152
-0.461562
-0.438612
-0.432295
-0.377758
-0.380627
-0.365978
-0.370067
-0.381085
-0.380810
-0.370586
-0.368297
-0.333110
-0.331950
-0.292032
-0.293954
-0.248238
-0.256050
-0.191748
-0.204962
-0.216620
-0.223670
-0.286691
-0.282815
-0.277566
-0.271615
-0.186590
-0.188421
-0.156774
-0.160985
-0.211066
-0.208502
-0.270760
-0.260048
-0.228065
