-0.152104
-0.152104
-0.127079
-0.139927
-0.109134
-0.171148
-0.141942
-0.220405
-0.195227
-0.228492
-0.200171
-0.251137
-0.222907
-0.285592
-0.260109
-0.303568
-0.277047
-0.324320
-0.295236
-0.352458
-0.323130
-0.359233
-0.330668
-0.333384
-0.303781
-0.309214
-0.276742
-0.347789
-0.316721
-0.414045
-0.384838
-0.465255
-0.436048
-0.506821
-0.479659
-0.527421
-0.503372
-0.516953
-0.494064
-0.481613
-0.457472
-0.445509
-0.420454
-0.415784
-0.390667
-0.406018
-0.384381
-0.389752
-0.369701
-0.363781
-0.345408
-0.312449
-0.293191
-0.248482
-0.226936
-0.184973
-0.162877
-0.099399
-0.072176
-0.048189
-0.021149
-0.032868
-0.010743
-0.011536
0.011505
-0.022370
0.000793
-0.075259
-0.056520
-0.142979
-0.129856
-0.192816
-0.182989
-0.214057
-0.204413
-0.243263
-0.237648
-0.272958
-0.272896
-0.291299
-0.292337
-0.330790
-0.334544
-0.377178
-0.386670
-0.400372
-0.413434
-0.428297
-0.445601
-0.441115
-0.460952
-0.419843
-0.439039
-0.371563
-0.387738
-0.342174
-0.360729
-0.344798
-0.371349
-0.346873
-0.378857
-0.345134
-0.379650
-0.332591
-0.366375
-0.300821
-0.329417
-0.303354
-0.331645
-0.333232
-0.366741
-0.337748
-0.373424
-0.325785
-0.361431
-0.293497
-0.326975
-0.250526
-0.281442
-0.222327
-0.251869
-0.225745
-0.256508
-0.233131
-0.265877
-0.209906
-0.241340
-0.171239
-0.199500
-0.117496
-0.141057
-0.080294
-0.102695
-0.061159
-0.084780
-0.027650
-0.050172
0.019684
-0.000366
0.078249
0.061495
0.132694
0.117557
0.177465
0.162267
0.209784
0.192694
0.249519
0.232826
0.298776
0.284463
0.343272
0.329417
0.361034
0.345164
0.369671
0.353343
0.362285
0.342509
0.394848
0.377636
0.421888
0.405591
0.433027
0.414716
0.448683
0.430738
0.473434
0.458998
0.489731
0.476852
0.465835
0.449171
0.432264
0.413587
0.411389
0.393231
0.415143
0.400616
0.394879
0.379711
0.385601
0.371166
0.407331
0.399579
0.410779
0.406751
0.412305
0.408338
0.421491
0.416303
0.444166
0.438795
0.473556
0.470687
0.499069
0.498367
0.562822
0.567034
0.613727
0.619617
0.648488
0.655690
0.670186
0.678304
0.684042
0.691977
0.687979
0.696188
0.671133
0.678426
0.671255
0.677816
0.695395
0.701987
0.716636
0.724723
0.715598
0.725211
0.688406
0.697409
0.667196
0.676656
0.655171
0.664602
0.637318
0.644581
0.623707
0.629261
0.622089
0.629780
0.589923
0.597186
0.549455
0.555040
0.549669
0.560228
0.568682
0.586352
0.562548
0.581133
0.540208
0.558733
0.522355
0.542772
0.498947
0.519364
0.449965
0.466811
0.403546
0.417219
0.397931
0.413221
0.408521
0.425214
0.423139
