0.043336
0.043336
0.045473
0.053743
0.056154
0.044832
0.046175
-0.013520
-0.019684
0.001648
0.000183
-0.031037
-0.031648
-0.094272
-0.095920
-0.080599
-0.073519
-0.089328
-0.082583
-0.085879
-0.083560
-0.057497
-0.056612
-0.083499
-0.088809
-0.121250
-0.131657
-0.114628
-0.123417
-0.062990
-0.064974
-0.018799
-0.015595
-0.035249
-0.035676
0.027467
0.033998
-0.029267
-0.034700
0.007447
0.004822
0.016236
0.016205
-0.042421
-0.046693
0.040498
0.051668
-0.063021
-0.065462
-0.032105
-0.029572
0.011444
0.020142
-0.082736
-0.088656
-0.036439
-0.036836
-0.037355
-0.038392
-0.038575
-0.039430
-0.045106
-0.046999
-0.079897
-0.088595
-0.018586
-0.020478
-0.012482
-0.015290
0.052065
0.057619
0.075472
0.084231
0.029969
0.033479
0.038270
0.046785
-0.085696
-0.090823
-0.097049
-0.100986
-0.052034
-0.049898
-0.053285
-0.053316
0.009125
0.015046
-0.038697
-0.042665
-0.028077
-0.031739
-0.010041
-0.010163
-0.091983
-0.102420
-0.090121
-0.100284
0.032960
0.040132
0.004639
0.008240
-0.013642
-0.011536
0.047639
0.058748
-0.127537
-0.142796
-0.014557
-0.013031
0.011017
0.018220
-0.057680
-0.059023
0.006531
0.014466
-0.057863
-0.060945
-0.051149
-0.055513
-0.077731
-0.088473
-0.084262
-0.097842
0.016694
0.017335
0.011811
0.013459
-0.054567
-0.059694
-0.023041
-0.021210
-0.041810
-0.041658
-0.077456
-0.083529
-0.042695
-0.044527
0.028535
0.036927
0.002869
0.006470
-0.040620
-0.045015
-0.049776
-0.055086
-0.025086
-0.025300
-0.060732
-0.065127
-0.074984
-0.082522
-0.084536
-0.096072
0.022828
0.025269
0.006195
0.007447
-0.092837
-0.101169
-0.068239
-0.066317
-0.166387
-0.174596
-0.051149
-0.045656
-0.023194
-0.021424
0.001526
0.002197
0.028352
0.034242
-0.079501
-0.086520
-0.063662
-0.068819
-0.020051
-0.020905
-0.006592
-0.006348
-0.002899
-0.001801
-0.025300
-0.028687
-0.019868
-0.025727
-0.012696
-0.018647
-0.054201
-0.064028
-0.004456
-0.003662
0.037873
0.046327
-0.022645
-0.024323
-0.015503
-0.020173
0.081301
0.086001
0.081912
0.082949
0.054933
0.051210
0.114628
0.121342
0.075716
0.079165
-0.061464
-0.074831
-0.009156
-0.011689
0.019745
0.022248
-0.003235
-0.006104
0.082278
0.089816
0.016633
0.014344
-0.000336
-0.003998
0.009247
0.007782
-0.016388
-0.021302
0.064791
0.071902
0.006745
0.005829
0.016511
0.016419
0.055055
0.059297
0.021393
0.019990
0.031953
0.032746
0.066225
0.072695
0.037507
0.039369
-0.002380
-0.007050
0.023133
0.021882
0.000122
-0.004212
0.006806
0.002472
0.065401
0.067110
0.059572
0.058199
0.084414
0.087039
0.083529
