0.180303
0.180303
0.180303
0.202795
0.202795
0.222327
0.222327
0.238197
0.238197
0.250526
0.250526
0.259285
0.259285
0.264473
0.264473
0.265725
0.265725
0.262856
0.262856
0.256417
0.256417
0.247810
0.247810
0.236366
0.236366
0.222663
0.222663
0.206824
0.206824
0.189032
0.189032
0.169073
0.169073
0.146916
0.146916
0.123173
0.123173
0.099094
0.099094
0.074129
0.074129
0.048799
0.048799
0.023103
0.023103
-0.002869
-0.002869
-0.029237
-0.029237
-0.056063
-0.056063
-0.082858
-0.082858
-0.108676
-0.108676
-0.133976
-0.133976
-0.158483
-0.158483
-0.181951
-0.181951
-0.204505
-0.204505
-0.225990
-0.225990
-0.246437
-0.246437
-0.265389
-0.265389
-0.282571
-0.282571
-0.298074
-0.298074
-0.311747
-0.311747
-0.323527
-0.323527
-0.333506
-0.333506
-0.341441
-0.341441
-0.347453
-0.347453
-0.351299
-0.351299
-0.353191
-0.353191
-0.352977
-0.352977
-0.350749
-0.350749
-0.346507
-0.346507
-0.340190
-0.340190
-0.331553
-0.331553
-0.320627
-0.320627
-0.307382
-0.307382
-0.292398
-0.292398
-0.275521
-0.275521
-0.257179
-0.257179
-0.237465
-0.237465
-0.216712
-0.216712
-0.194922
-0.194922
-0.172369
-0.172369
-0.149174
-0.149174
-0.125797
-0.125797
-0.102145
-0.102145
-0.078280
-0.078280
-0.054170
-0.054170
-0.029786
-0.029786
-0.004852
-0.004852
0.020844
0.020844
0.047121
0.047121
0.073489
0.073489
0.100101
0.100101
0.126713
0.126713
0.153203
0.153203
0.179449
0.179449
0.205481
0.205481
0.231269
0.231269
0.256508
0.256508
0.280740
0.280740
0.304086
0.304086
0.326487
0.326487
0.347758
0.347758
0.367992
0.367992
0.387097
0.387097
0.405225
0.405225
0.422040
0.422040
0.437391
0.437391
0.451308
0.451308
0.463851
0.463851
0.474807
0.474807
0.484329
0.484329
0.492355
0.492355
0.498978
0.498978
0.503952
0.503952
0.507370
0.507370
0.509201
0.509201
0.509445
0.509445
0.508072
0.508072
0.505264
0.505264
0.500900
0.500900
0.495041
0.495041
0.487564
0.487564
0.478744
0.478744
0.468520
0.468520
0.456954
0.456954
0.444105
0.444105
0.430006
0.430006
0.414594
0.414594
0.397839
0.397839
0.379803
0.379803
0.360576
0.360576
0.339976
0.339976
0.318064
0.318064
0.294748
0.294748
0.270150
0.270150
0.244301
0.244301
0.217383
0.217383
0.189642
0.189642
0.161443
0.161443
0.132969
0.132969
0.104343
0.104343
0.075869
0.075869
0.047578
0.047578
0.019715
0.019715
-0.007813
-0.007813
-0.034791
-0.034791
-0.061098
-0.061098
-0.086734
-0.086734
-0.111667
-0.111667
-0.135868
-0.135868
-0.159398
-0.159398
-0.182195
