-0.172124
-0.172124
-0.158483
-0.271523
-0.240638
-0.208136
-0.145634
-0.096042
-0.133244
-0.116794
-0.153661
-0.160894
-0.137547
-0.113712
-0.116184
-0.098849
-0.107913
-0.115207
-0.122776
-0.047639
-0.094394
-0.089633
-0.087405
-0.059755
-0.027009
-0.057711
-0.014618
-0.079958
-0.051973
0.079134
0.041444
0.103214
0.070437
0.023072
0.062014
0.115116
0.084323
0.127750
0.118107
0.064364
0.066103
0.084445
0.059206
0.151158
0.182592
0.230537
0.254036
0.157811
0.149236
0.165868
0.170568
0.215155
0.223029
0.119022
0.114536
0.165319
0.165380
0.239540
0.245094
0.245888
0.190405
0.187292
0.187811
0.183203
0.214606
0.184240
0.163305
0.146092
0.160009
0.095157
0.151677
0.156377
0.123753
0.239692
0.214209
0.162450
0.207343
0.131962
0.113346
0.226722
0.186254
0.123173
0.170568
0.108554
0.104068
0.228797
0.153935
0.202094
0.204566
0.124027
0.176153
0.128697
0.138859
0.170690
0.161382
0.134312
0.177953
0.167608
0.143101
0.183843
0.166204
0.206275
0.227393
0.201331
0.210608
0.220038
0.201758
0.269509
0.217048
0.196295
0.178198
0.119175
0.156590
0.163945
0.217963
0.267739
0.228980
0.153203
0.181280
0.116428
0.169774
0.205298
0.106693
0.171392
0.139103
0.147557
0.234748
0.149998
0.130711
0.128849
0.083285
0.154576
0.179846
0.040559
0.029176
0.016968
-0.002319
0.025208
0.115238
0.031465
0.051057
0.022309
-0.061525
-0.064730
-0.035554
-0.038209
-0.034181
-0.103030
-0.154363
-0.156377
-0.129368
-0.029450
-0.047517
-0.052461
-0.076571
-0.189367
-0.163060
-0.173498
-0.145695
-0.247993
-0.237709
-0.297403
-0.300607
-0.132694
-0.115299
-0.183630
-0.180822
-0.323679
-0.324015
-0.202368
-0.249214
-0.246132
-0.278329
-0.318888
-0.350658
-0.237159
-0.205420
-0.308054
-0.235969
-0.356761
-0.349040
-0.253883
-0.250496
-0.227241
-0.236366
-0.341807
-0.360698
-0.322275
-0.331858
-0.261361
-0.290933
-0.393567
-0.363933
-0.339396
-0.329264
-0.237587
-0.262764
-0.252968
-0.275369
-0.335704
-0.310770
-0.307596
-0.295694
-0.376476
-0.375286
-0.412244
-0.377422
-0.239082
-0.268746
-0.344554
-0.323313
-0.399213
-0.402020
-0.328593
-0.372082
-0.349498
-0.389752
-0.354381
-0.316050
-0.328440
-0.288888
-0.378826
-0.395642
-0.365093
-0.352641
-0.395703
-0.410657
-0.401471
-0.431227
-0.364147
-0.308390
-0.393200
-0.399823
-0.396191
-0.433027
-0.359844
-0.325571
-0.391034
-0.425184
-0.411054
-0.435926
-0.350871
-0.293435
-0.329325
-0.300333
-0.367077
-0.404797
-0.364574
-0.353954
-0.328990
-0.354991
-0.367168
-0.419385
-0.421613
-0.371960
-0.330821
