-0.213965
-0.213965
-0.203589
-0.171667
-0.168859
-0.145512
-0.145207
-0.179113
-0.172185
-0.165654
-0.161931
-0.162786
-0.163274
-0.201972
-0.201239
-0.256569
-0.253822
-0.240394
-0.241890
-0.214301
-0.219459
-0.232337
-0.235481
-0.233192
-0.235389
-0.212134
-0.213965
-0.181341
-0.187750
-0.186651
-0.191504
-0.193426
-0.196875
-0.185675
-0.188177
-0.159764
-0.164373
-0.199377
-0.200079
-0.226203
-0.223334
-0.196661
-0.194403
-0.147710
-0.148167
-0.136326
-0.135777
-0.170995
-0.168096
-0.184240
-0.181616
-0.158238
-0.159612
-0.126102
-0.128910
-0.165075
-0.163671
-0.199072
-0.193213
-0.191931
-0.185217
-0.150426
-0.141514
-0.102512
-0.098056
-0.070498
-0.074313
-0.049715
-0.060488
-0.103641
-0.109561
-0.127140
-0.128452
-0.137913
-0.134190
-0.070498
-0.074526
-0.050813
-0.055666
-0.048311
-0.050752
-0.052644
-0.050142
-0.033967
-0.032136
-0.043275
-0.041108
-0.046907
-0.048372
-0.026551
-0.034547
-0.004364
-0.017304
-0.031312
-0.040254
-0.091678
-0.088687
-0.094241
-0.088992
-0.056551
-0.055055
-0.055544
-0.053346
-0.060457
-0.056856
-0.004395
-0.006012
0.057802
0.046327
0.056551
0.043580
0.049776
0.045137
0.063173
0.069735
0.102145
0.109409
0.132054
0.136998
0.188910
0.192907
0.232826
0.233924
0.300241
0.289438
0.346599
0.337535
0.371929
0.371258
0.377880
0.382000
0.426466
0.429426
0.493362
0.491012
0.498367
0.495560
0.477340
0.476547
0.468551
0.471084
0.477737
0.482284
0.471206
0.483688
0.543748
0.553056
0.588458
0.588916
0.589038
0.582476
0.563707
0.553301
0.529405
0.528703
0.557390
0.568682
0.581103
0.596576
0.570330
0.572039
0.563128
0.554704
0.568346
0.559343
0.555254
0.555589
0.528031
0.534227
0.505081
0.515641
0.521012
0.531877
0.553209
0.555132
0.528001
0.531816
0.470840
0.477432
0.470656
0.473342
0.486435
0.485916
0.494430
0.492325
0.508469
0.500198
0.517014
0.503403
0.454604
0.445967
0.373577
0.379131
0.326334
0.337535
0.356639
0.363262
0.361156
0.363872
0.324839
0.334178
0.270943
0.277322
0.292581
0.285073
0.311289
0.295724
0.262551
0.258858
0.178533
0.184362
0.121311
0.119785
0.033784
0.024812
-0.042817
-0.046358
-0.058443
-0.049471
0.015809
0.026765
0.089358
0.096164
0.101627
0.101199
0.112949
0.109500
0.153142
0.150914
0.165685
0.158605
0.131657
0.128758
0.157964
0.158757
0.257759
0.259133
0.325938
0.327158
0.281167
0.280953
0.172979
0.168187
0.075198
0.063326
-0.029115
-0.033448
-0.103763
-0.103183
-0.156560
-0.151036
-0.128208
-0.125797
-0.096316
-0.093936
-0.013703
