-0.124332
-0.124332
-0.124607
-0.117771
-0.114200
-0.140721
-0.138462
-0.157140
-0.154668
-0.189093
-0.188482
-0.243049
-0.247688
-0.230903
-0.229255
-0.253548
-0.252419
-0.275002
-0.274911
-0.250221
-0.242836
-0.281961
-0.277657
-0.361309
-0.367748
-0.335765
-0.334635
-0.354747
-0.353710
-0.372784
-0.372143
-0.379711
-0.377789
-0.395337
-0.394726
-0.427747
-0.431684
-0.433424
-0.437452
-0.394757
-0.390210
-0.411695
-0.407788
-0.454268
-0.454604
-0.476150
-0.477035
-0.498154
-0.499405
-0.496506
-0.494461
-0.498154
-0.492660
-0.548936
-0.548387
-0.609790
-0.615436
-0.605914
-0.607318
-0.628834
-0.630787
-0.652150
-0.655049
-0.662374
-0.663686
-0.674245
-0.673879
-0.695730
-0.695151
-0.741752
-0.745232
-0.738212
-0.737358
-0.742576
-0.739525
-0.788110
-0.790155
-0.808496
-0.810877
-0.824519
-0.826350
-0.828333
-0.827448
-0.872402
-0.875790
-0.854060
-0.851497
-0.869686
-0.868374
-0.905637
-0.909055
-0.878384
-0.876217
-0.877957
-0.874630
-0.915677
-0.918119
-0.920499
-0.923307
-0.880917
-0.877621
-0.875698
-0.873562
-0.869747
-0.870205
-0.830226
-0.829127
-0.804498
-0.805261
-0.730399
-0.724601
-0.714743
-0.712119
-0.724509
-0.728874
-0.640767
-0.635334
-0.640797
-0.640065
-0.603076
-0.600696
-0.570299
-0.567186
-0.581317
-0.586169
-0.509568
-0.509445
-0.433271
-0.428938
-0.396771
-0.395398
-0.369884
-0.371899
-0.337168
-0.340312
-0.287698
-0.287393
-0.249825
-0.246712
-0.291330
-0.298898
-0.235694
-0.236518
-0.173681
-0.169439
-0.139164
-0.137272
-0.119083
-0.120731
-0.078616
-0.080935
-0.017121
-0.015778
0.014924
0.015870
0.033235
0.030763
0.070132
0.067721
0.135777
0.136601
0.170293
0.168004
0.278359
0.285226
0.338420
0.344157
0.342479
0.340007
0.399976
0.401135
0.440046
0.442946
0.473220
0.478195
0.503616
0.505997
0.492935
0.482131
0.497360
0.485397
0.498856
0.498520
0.487259
0.492538
0.502060
0.508438
0.499741
0.499374
0.491440
0.486587
0.487045
0.485397
0.483963
0.473891
0.540819
0.535203
0.574847
0.578875
0.579730
0.576006
0.609699
0.611194
0.646016
0.651479
0.668844
0.671926
0.653035
0.653859
0.680349
0.679312
0.737144
0.745079
0.737968
0.741264
0.740318
0.741356
0.748070
0.747826
0.787805
0.792108
0.789972
0.795373
0.747703
0.747032
0.707968
0.705679
0.717490
0.721427
0.688833
0.696005
0.643757
0.649403
0.598102
0.604022
0.516098
0.513657
0.474197
0.469710
0.500046
0.504044
0.464766
0.465682
0.473373
0.478195
0.455153
0.458205
0.418928
0.416547
0.456984
0.461104
0.439985
0.440657
0.395154
0.386578
0.429304
