-0.072604
-0.072604
-0.070406
-0.082308
-0.083651
-0.104709
-0.112369
-0.108188
-0.115848
-0.105960
-0.110508
-0.107212
-0.108219
-0.105106
-0.100589
-0.108310
-0.099246
-0.113834
-0.101779
-0.131565
-0.121555
-0.149480
-0.143895
-0.150731
-0.146184
-0.154820
-0.153142
-0.149815
-0.148228
-0.151494
-0.151524
-0.162481
-0.166692
-0.149083
-0.151494
-0.154881
-0.161321
-0.154027
-0.161626
-0.115390
-0.111545
-0.120182
-0.115818
-0.144810
-0.145573
-0.143223
-0.142460
-0.157506
-0.160131
-0.169500
-0.175359
-0.159581
-0.163091
-0.138188
-0.137425
-0.117740
-0.113926
-0.097110
-0.090304
-0.093081
-0.086581
-0.110019
-0.107913
-0.123783
-0.124363
-0.140477
-0.145207
-0.147710
-0.155034
-0.138615
-0.144902
-0.111026
-0.112003
-0.083254
-0.079745
-0.077456
-0.075991
-0.070132
-0.069979
-0.057619
-0.056642
-0.053987
-0.053346
-0.054476
-0.053957
-0.067354
-0.069643
-0.080508
-0.085726
-0.084201
-0.090457
-0.077151
-0.082461
-0.065065
-0.068850
-0.036958
-0.035340
-0.003906
0.003845
0.008087
0.016449
0.008454
0.014771
0.000580
0.003052
-0.004669
-0.005768
-0.002136
-0.005799
-0.003754
-0.012146
0.004944
-0.004791
0.019990
0.012177
0.034730
0.029633
0.048097
0.046297
0.058077
0.059236
0.071261
0.076327
0.082064
0.090182
0.084140
0.091952
0.078921
0.083712
0.075076
0.077212
0.071993
0.072207
0.065065
0.062624
0.072542
0.071505
0.085757
0.087710
0.090274
0.092746
0.085482
0.086734
0.069613
0.067812
0.049165
0.043764
0.041139
0.035310
0.042268
0.037935
0.060976
0.062563
0.069796
0.074557
0.063692
0.067507
0.064180
0.068300
0.052461
0.052400
0.051881
0.049165
0.072878
0.072573
0.087649
0.087954
0.104923
0.106967
0.115909
0.118931
0.111454
0.111515
0.125828
0.127873
0.132572
0.133793
0.136601
0.135197
0.160192
0.161077
0.175726
0.177709
0.183660
0.187475
0.176489
0.180395
0.149724
0.149174
0.138218
0.138127
0.135014
0.137700
0.132756
0.137120
0.138829
0.144444
0.146702
0.151738
0.146458
0.148503
0.141789
0.140110
0.147526
0.146367
0.141575
0.140751
0.119297
0.114902
0.115146
0.110691
0.119633
0.117618
0.108402
0.106143
0.095828
0.092685
0.079714
0.074190
0.070772
0.066317
0.068545
0.065737
0.074740
0.073061
0.103336
0.106296
0.127537
0.133061
0.124119
0.126957
0.119999
0.120151
0.136265
0.138951
0.149541
0.153478
0.154973
0.157231
0.172338
0.174657
0.178320
0.176519
0.188055
0.183447
0.207160
0.203070
0.205908
0.197729
0.216132
0.206824
0.238166
0.230811
0.254830
0.248451
0.267769
