0.095279
0.095279
0.095187
0.078402
0.078280
0.019990
0.019837
0.065920
0.066012
0.170476
0.170660
0.051393
0.051485
0.005188
0.005188
0.075686
0.075655
-0.005005
-0.004944
0.113559
0.113681
0.070803
0.070894
0.056734
0.056673
-0.010224
-0.010285
0.047792
0.047639
-0.005890
-0.005860
0.030519
0.030519
0.059236
0.059206
-0.040468
-0.040590
0.031404
0.031281
-0.007019
-0.007050
0.030122
0.030244
-0.016755
-0.016572
0.015503
0.015564
-0.071017
-0.071047
-0.011628
-0.011628
-0.025452
-0.025300
0.000641
0.000793
0.024659
0.024812
-0.036836
-0.036866
-0.054445
-0.054506
-0.072359
-0.072420
-0.044465
-0.044465
-0.084841
-0.084841
0.015351
0.015259
-0.079684
-0.079928
-0.145970
-0.146184
-0.037965
-0.038057
-0.042451
-0.042451
-0.045839
-0.045839
-0.070437
-0.070620
-0.138676
-0.138920
-0.114933
-0.115024
-0.025971
-0.025819
-0.089450
-0.089297
-0.077486
-0.077334
-0.059633
-0.059572
-0.144230
-0.144169
-0.069582
-0.069399
-0.060121
-0.059908
-0.098605
-0.098453
-0.116184
-0.116184
-0.102023
-0.102176
-0.141118
-0.141148
-0.062624
-0.062471
-0.099460
-0.099368
-0.121708
-0.121708
-0.064150
-0.064211
-0.144963
-0.145085
-0.110538
-0.110569
-0.090304
-0.090304
-0.051790
-0.051881
-0.068270
-0.068514
-0.066408
-0.066652
-0.123722
-0.123905
-0.079196
-0.079196
-0.015168
-0.015046
-0.054170
-0.054109
-0.102573
-0.102634
-0.084292
-0.084353
-0.072573
-0.072481
-0.039949
-0.039735
0.011872
0.012116
-0.070193
-0.070193
-0.092257
-0.092227
-0.060457
-0.060366
-0.033113
-0.033021
-0.017975
-0.017914
-0.011811
-0.011902
-0.049196
-0.049379
-0.018952
-0.019074
-0.022034
-0.022004
-0.015076
-0.014985
0.004364
0.004486
0.067812
0.067751
-0.052980
-0.053072
0.033692
0.033479
0.066378
0.066378
0.026917
0.026948
0.057833
0.057863
0.002167
0.002136
0.023560
0.023530
0.049226
0.049287
0.064119
0.064241
0.026795
0.026948
0.151952
0.152043
0.024384
0.024323
0.050020
0.049959
0.052553
0.052614
0.084201
0.084262
0.115574
0.115604
0.132450
0.132267
0.097415
0.097201
0.080508
0.080355
0.188940
0.188971
0.112430
0.112461
0.159429
0.159368
0.068056
0.067904
0.065737
0.065676
0.077303
0.077395
0.128544
0.128697
0.125156
0.125248
0.138768
0.138737
0.180731
0.180700
0.195196
0.195257
0.279458
0.279641
0.293893
0.293985
0.329905
0.329997
0.342845
0.342814
0.355815
0.355754
0.339427
0.339457
0.399884
0.400006
0.383343
0.383404
0.301340
0.301218
0.292673
0.292520
0.245125
0.244972
0.230750
0.230720
0.260414
0.260384
0.256600
