0.366405
0.366405
0.354808
0.425123
0.414228
0.217597
0.214148
-0.144505
-0.140782
-0.108127
-0.099673
-0.097385
-0.092654
0.006348
0.002045
0.336375
0.325816
0.243171
0.233589
0.026337
0.023682
-0.201758
-0.198157
-0.378552
-0.370739
-0.224555
-0.216956
0.120029
0.119663
0.220801
0.212409
0.515305
0.504196
0.315134
0.307657
0.021210
0.021638
-0.152562
-0.149144
-0.317637
-0.309061
-0.322153
-0.314951
0.003082
0.002136
0.057131
0.050203
0.353923
0.341014
0.377514
0.367290
0.140446
0.136540
-0.018220
-0.018189
-0.147984
-0.143559
-0.268502
-0.259590
-0.014374
-0.010437
0.040223
0.038606
0.190222
0.181585
0.417371
0.403638
0.306314
0.291910
0.184454
0.178930
0.032380
0.030000
-0.254006
-0.252205
-0.243477
-0.239387
-0.148106
-0.140019
-0.078433
-0.077273
0.254372
0.250649
0.339640
0.331095
0.460646
0.445235
0.532823
0.517594
0.337870
0.326426
0.091556
0.088076
-0.029878
-0.028993
-0.348064
-0.346202
-0.294565
-0.288736
-0.234870
-0.227577
-0.097018
-0.095065
0.192297
0.188818
0.353313
0.345744
0.418989
0.405927
0.596851
0.581530
0.437574
0.422529
0.302377
0.291971
0.131474
0.130192
-0.195868
-0.191504
-0.300211
-0.294961
-0.349956
-0.344829
-0.415143
-0.407483
-0.171758
-0.165380
0.024415
0.025330
0.176092
0.171819
0.455641
0.446669
0.450423
0.438429
0.481185
0.467086
0.483352
0.470382
0.263222
0.251747
0.114628
0.109348
-0.052492
-0.050478
-0.355846
-0.346324
-0.381787
-0.369610
-0.462569
-0.452223
-0.466903
-0.457625
-0.277017
-0.268685
-0.172857
-0.165716
0.006989
0.008576
0.273202
0.269417
0.298379
0.290414
0.409558
0.398358
0.412214
0.400067
0.254219
0.243416
0.227302
0.218513
0.084841
0.080111
-0.119083
-0.119449
-0.163060
-0.158086
-0.374950
-0.363720
-0.500107
-0.482894
-0.508866
-0.487594
-0.622181
-0.603198
-0.551683
-0.536088
-0.438917
-0.428083
-0.432417
-0.424757
-0.208441
-0.203589
-0.050630
-0.048921
0.067812
0.063875
0.301401
0.294443
0.343974
0.333506
0.376782
0.365581
0.425001
0.414624
0.249641
0.241890
0.143834
0.140141
0.010895
0.011872
-0.261269
-0.255226
-0.369701
-0.358928
-0.546617
-0.531236
-0.751366
-0.732200
-0.761773
-0.739464
-0.868252
-0.844997
-0.884762
-0.860469
-0.760826
-0.734397
-0.743431
-0.720542
-0.569292
-0.552110
-0.364879
-0.353832
-0.289621
-0.284951
-0.067476
-0.067354
0.053224
0.051027
0.107425
0.102969
0.284127
0.276894
0.304300
0.294626
0.323985
0.313089
0.405591
0.393994
0.289193
0.278664
0.240669
0.232612
0.165105
0.160619
-0.068758
