0.025849
0.025849
0.022370
0.029176
0.025025
0.032716
0.028108
0.036378
0.031892
0.040223
0.036073
0.044252
0.040162
0.048585
0.044282
0.053224
0.048616
0.058046
0.053377
0.062929
0.058535
0.067690
0.064119
0.072512
0.070070
0.077486
0.076113
0.082522
0.082217
0.087405
0.088321
0.092288
0.094211
0.097140
0.100040
0.102115
0.105747
0.107273
0.111301
0.112491
0.116611
0.117252
0.121586
0.121403
0.126011
0.124790
0.129887
0.127323
0.133183
0.129490
0.135624
0.131230
0.137181
0.132267
0.137547
0.132359
0.136845
0.131352
0.135136
0.129032
0.132206
0.125492
0.128025
0.120884
0.122623
0.115238
0.115940
0.108463
0.108158
0.100467
0.099185
0.091098
0.089053
0.080325
0.077486
0.068026
0.064577
0.054109
0.050325
0.039003
0.034669
0.022736
0.017670
0.005066
-0.000610
-0.014344
-0.020173
-0.035157
-0.040925
-0.057161
-0.062746
-0.080477
-0.085726
-0.104801
-0.109592
-0.129765
-0.133976
-0.155400
-0.158696
-0.181219
-0.183508
-0.206824
-0.208411
-0.232215
-0.233039
-0.257179
-0.257393
-0.281381
-0.281259
-0.304758
-0.304331
-0.327128
-0.326701
-0.348521
-0.348033
-0.368999
-0.367962
-0.388409
-0.386151
-0.406659
-0.402692
-0.423292
-0.417737
-0.438185
-0.431501
-0.451277
-0.444044
-0.462539
-0.455428
-0.472152
-0.465712
-0.480300
-0.474746
-0.487167
-0.482192
-0.492660
-0.487960
-0.496384
-0.491928
-0.498123
-0.494491
-0.498184
-0.495773
-0.496963
-0.495956
-0.494858
-0.495071
-0.491806
-0.492904
-0.487442
-0.489303
-0.481521
-0.484146
-0.474502
-0.477645
-0.466689
-0.469955
-0.458296
-0.461592
-0.449232
-0.452528
-0.439406
-0.442885
-0.428602
-0.432630
-0.417066
-0.421644
-0.405072
-0.409772
-0.392621
-0.397107
-0.379711
-0.383923
-0.366405
-0.370312
-0.352702
-0.356304
-0.338481
-0.342051
-0.323740
-0.327219
-0.308756
-0.311838
-0.293588
-0.296091
-0.278359
-0.280282
-0.263161
-0.264229
-0.248024
-0.247871
-0.232978
-0.231330
-0.217933
-0.214698
-0.202795
-0.198187
-0.187536
-0.181921
-0.171850
-0.166021
-0.155828
-0.150365
-0.139683
-0.134922
-0.123661
-0.119755
-0.107974
-0.104770
-0.092563
-0.089969
-0.077303
-0.075411
-0.062197
-0.060915
-0.047304
-0.046419
-0.032655
-0.031831
-0.018159
-0.017365
-0.003815
-0.003174
0.010407
0.010590
0.024293
0.024171
0.037782
0.037690
0.050996
0.050905
0.064119
0.063662
0.076937
0.076083
0.089541
0.088382
0.102145
0.100650
0.114689
0.112827
0.127049
0.124699
0.139042
0.136479
0.150761
0.148228
0.162297
0.159764
0.173711
0.171178
0.184912
0.182379
0.195776
0.193243
0.206397
