-0.142369
-0.142369
-0.141423
-0.127293
-0.125797
-0.094821
-0.095798
-0.068667
-0.070986
-0.054476
-0.056001
-0.040101
-0.040773
-0.033418
-0.031953
-0.020844
-0.018067
-0.009735
-0.005402
0.011505
0.015534
0.047639
0.048799
0.072176
0.072481
0.107028
0.104831
0.142186
0.137608
0.148625
0.146275
0.129643
0.132633
0.132939
0.136601
0.159978
0.160405
0.163182
0.164647
0.167638
0.168920
0.202033
0.197455
0.233650
0.224586
0.212867
0.209143
0.169866
0.174718
0.159154
0.166662
0.192480
0.195410
0.229041
0.226478
0.232002
0.229438
0.224586
0.224525
0.203101
0.208380
0.194922
0.202643
0.244087
0.243782
0.285257
0.278878
0.281838
0.277322
0.277902
0.275033
0.274209
0.273263
0.278939
0.278634
0.306619
0.302622
0.310282
0.306192
0.293466
0.292245
0.284860
0.285318
0.291482
0.291971
0.300668
0.301706
0.315012
0.316050
0.334727
0.335032
0.339061
0.341502
0.345592
0.349437
0.342692
0.349406
0.356059
0.362407
0.386547
0.389294
0.384289
0.389080
0.372539
0.380871
0.374981
0.384014
0.385510
0.393567
0.395672
0.402539
0.407941
0.413038
0.411298
0.416089
0.431196
0.432630
0.445112
0.443922
0.428938
0.430403
0.423200
0.425306
0.427290
0.428053
0.434889
0.433485
0.414228
0.415693
0.392590
0.396893
0.406140
0.406781
0.408795
0.407666
0.392804
0.393292
0.380749
0.382122
0.376873
0.377697
0.353893
0.357494
0.354228
0.356273
0.361003
0.360149
0.346385
0.346629
0.326090
0.328562
0.303171
0.308145
0.336711
0.334086
0.359661
0.351543
0.332987
0.327830
0.305368
0.303446
0.287729
0.287912
0.293069
0.291055
0.288156
0.286081
0.275643
0.275979
0.280068
0.279611
0.295724
0.291940
0.295267
0.291421
0.289193
0.286508
0.285195
0.282846
0.278207
0.276986
0.313700
0.305918
0.346843
0.332743
0.329844
0.318613
0.289865
0.285531
0.282998
0.279550
0.289865
0.284982
0.270394
0.268593
0.262276
0.261574
0.266243
0.264657
0.276528
0.272866
0.282754
0.277596
0.263100
0.260903
0.254311
0.253059
0.269784
0.265267
0.269814
0.264657
0.241890
0.240913
0.216651
0.219642
0.201972
0.207129
0.197119
0.202277
0.209937
0.212073
0.240364
0.236671
0.253090
0.246742
0.218970
0.218390
0.180364
0.186285
0.181371
0.186621
0.188726
0.192480
0.189306
0.192511
0.196600
0.197699
0.191809
0.193335
0.185614
0.188025
0.164129
0.170080
0.166478
0.171941
0.191229
0.192083
0.183172
0.184820
0.174718
0.177221
0.175604
0.177465
0.183752
0.183691
0.187689
