-0.069124
-0.069124
0.007508
-0.160039
-0.117435
-0.078646
0.015595
-0.165166
-0.123600
-0.105869
-0.017273
-0.184545
-0.138157
-0.144475
-0.069369
-0.204260
-0.157903
-0.185400
-0.122684
-0.226600
-0.181829
-0.221015
-0.168615
-0.246498
-0.204291
-0.245125
-0.200934
-0.251045
-0.214911
-0.237983
-0.207648
-0.212165
-0.195166
-0.174169
-0.169195
-0.152287
-0.145878
-0.131016
-0.120365
0.022767
-0.030793
0.046937
-0.006867
0.075137
0.020844
0.133702
0.078646
0.045503
0.056887
-0.040254
-0.010926
0.018433
0.007721
0.050569
0.021729
0.050020
0.015473
0.056032
0.015809
0.065371
0.015564
0.073916
0.017609
0.074923
0.013031
0.074587
0.009705
0.070132
0.002258
0.065004
-0.004425
0.057314
-0.013153
0.048769
-0.021790
0.039094
-0.031190
0.028687
-0.042024
0.018433
-0.053011
0.007477
-0.065523
0.000092
-0.072512
-0.002930
-0.071505
0.001099
-0.060152
0.011414
-0.039430
0.033692
0.000610
0.054048
0.030549
0.015748
-0.049898
0.041871
-0.006378
0.096591
0.069735
0.124668
0.098727
0.147526
0.120579
0.164251
0.134770
0.180609
0.152776
0.189398
0.164922
0.178564
0.159337
0.132328
0.115421
0.124577
0.110660
0.150548
0.138859
0.159368
0.150365
0.153417
0.146275
0.145085
0.139775
0.141453
0.137577
0.138432
0.135868
0.136143
0.134495
0.134220
0.132847
0.133885
0.132328
0.134465
0.132359
0.135960
0.133213
0.137883
0.134037
0.140233
0.135014
0.142918
0.135807
0.146001
0.136937
0.149266
0.137974
0.152257
0.138829
0.155004
0.139073
0.157476
0.138920
0.159612
0.138279
0.161382
0.137516
0.162725
0.136235
0.163518
0.134526
0.163915
0.132298
0.164068
0.130070
0.163976
0.127812
0.163640
0.125767
0.163121
0.123692
0.162511
0.121891
0.161870
0.120426
0.161382
0.119602
0.160985
0.119388
0.159062
0.117985
0.157537
0.116672
0.155889
0.116550
0.155919
0.117405
0.155370
0.118625
0.155065
0.120334
0.154118
0.121891
0.153386
0.124088
0.152043
0.125950
0.150548
0.128117
0.148350
0.129734
0.145848
0.131413
0.142766
0.132420
0.139531
0.133518
0.135777
0.134098
0.131565
0.134404
0.126621
0.133702
0.121097
0.132450
0.115085
0.130436
0.108463
0.127842
0.101321
0.124424
0.093600
0.120304
0.085543
0.115482
0.077120
0.110141
0.068697
0.104434
0.060244
0.098422
0.051790
0.092044
0.043275
0.085330
0.034852
0.078310
0.026429
0.071078
0.018097
0.063692
0.009766
0.056063
0.001495
0.048189
-0.006653
0.040223
-0.014649
0.032228
-0.022553
0.024171
-0.030152
0.016205
-0.037355
