-0.024637
-1.000000
-0.996078
-0.992157
-0.988235
-0.984314
-0.980392
-0.976471
-0.972549
-0.968627
-0.964706
-0.960784
-0.956862
-0.952941
-0.949019
-0.945098
-0.941176
-0.937255
-0.933333
-0.929412
-0.925490
-0.921569
-0.917647
-0.913725
-0.909804
-0.905882
-0.901960
-0.898039
-0.894117
-0.890196
-0.886274
-0.882353
-0.878431
-0.874510
-0.870588
-0.866667
-0.862745
-0.858824
-0.854902
-0.850980
-0.847059
-0.843137
-0.839215
-0.835294
-0.831372
-0.827451
-0.823529
-0.819608
-0.815686
-0.811765
-0.807843
-0.803922
-0.800000
-0.796078
-0.792157
-0.788235
-0.784313
-0.780392
-0.776470
-0.772549
-0.768627
-0.764706
-0.760784
-0.756863
-0.752941
-0.749020
-0.745098
-0.741176
-0.737255
-0.733333
-0.729412
-0.725490
-0.721568
-0.717647
-0.713725
-0.709804
-0.705882
-0.701961
-0.698039
-0.694118
-0.690196
-0.686275
-0.682353
-0.678431
-0.674510
-0.670588
-0.666666
-0.662745
-0.658823
-0.654902
-0.650980
-0.647059
-0.643137
-0.639216
-0.635294
-0.631373
-0.627451
-0.623529
-0.619608
-0.615686
-0.611765
-0.607843
-0.603921
-0.600000
-0.596078
-0.592157
-0.588235
-0.584314
-0.580392
-0.576471
-0.572549
-0.568628
-0.564706
-0.560784
-0.556863
-0.552941
-0.549019
-0.545098
-0.541176
-0.537255
-0.533333
-0.529412
-0.525490
-0.521569
-0.517647
-0.513726
-0.509804
-0.505882
0.501961
0.505882
0.509804
0.513726
0.517647
0.521569
0.525490
0.529412
0.533333
0.537255
0.541176
0.545098
0.549019
0.552941
0.556863
0.560784
0.564706
0.568628
0.572549
0.576471
0.580392
0.584314
0.588235
0.592157
0.596078
0.600000
0.603921
0.607843
0.611765
0.615686
0.619608
0.623529
0.627451
0.631373
0.635294
0.639216
0.643137
0.647059
0.650980
0.654902
0.658823
0.662745
0.666666
0.670588
0.674510
0.678431
0.682353
0.686275
0.690196
0.694118
0.698039
0.701961
0.705882
0.709804
0.713725
0.717647
0.721568
0.725490
0.729412
0.733333
0.737255
0.741176
0.745098
0.749020
0.752941
0.756863
0.760784
0.764706
0.768627
0.772549
0.776470
0.780392
0.784313
0.788235
0.792157
0.796078
0.800000
0.803922
0.807843
0.811765
0.815686
0.819608
0.823529
0.827451
0.831372
0.835294
0.839215
0.843137
0.847059
0.850980
0.854902
0.858824
0.862745
0.866667
0.870588
0.874510
0.878431
0.882353
0.886274
0.890196
0.894117
0.898039
0.901960
0.905882
0.909804
0.913725
0.917647
0.921569
0.925490
0.929412
0.933333
0.937255
0.941176
0.945098
0.949019
0.952941
0.956862
0.960784
0.964706
0.968627
0.972549
0.976471
0.980392
0.984314
0.988235
0.992157
0.996078
1.000000
