-0.024686
-1.000000
-0.994073
-0.988147
-0.982220
-0.976293
-0.970366
-0.964440
-0.958513
-0.952587
-0.946660
-0.940733
-0.934806
-0.928880
-0.922953
-0.917026
-0.911099
-0.905173
-0.899246
-0.893320
-0.887393
-0.881466
-0.875539
-0.869613
-0.863686
-0.857759
-0.851833
-0.845906
-0.839979
-0.834053
-0.828126
-0.822199
-0.816272
-0.810346
-0.804419
-0.798492
-0.792566
-0.786639
-0.780712
-0.774786
-0.768859
-0.762932
-0.757006
-0.751079
-0.745152
-0.739226
-0.733299
-0.727372
-0.721445
-0.715519
-0.709592
-0.703665
-0.697739
-0.691812
-0.685885
-0.679959
-0.674032
-0.668105
-0.662179
-0.656252
-0.650325
-0.644399
-0.638472
-0.632545
-0.185036
-0.179109
-0.173182
-0.167256
-0.161329
-0.155402
-0.149476
-0.143549
-0.137622
-0.131696
-0.125769
-0.119842
-0.113915
-0.107989
-0.102062
-0.096135
-0.090209
-0.084282
-0.078355
-0.072429
-0.066502
-0.060575
-0.054649
-0.048722
-0.042795
-0.036869
-0.030942
-0.025015
-0.019088
-0.013162
-0.007235
-0.001308
0.004618
0.010545
0.016472
0.022398
0.028325
0.034252
0.040179
0.046105
0.052032
0.057958
0.063885
0.069812
0.075739
0.081665
0.087592
0.093519
0.099445
0.105372
0.111299
0.117225
0.123152
0.129079
0.135006
0.140932
0.146859
0.152786
0.158712
0.164639
0.170566
0.176492
0.182419
0.188346
-0.194273
-0.188346
-0.182419
-0.176492
-0.170566
-0.164639
-0.158712
-0.152786
-0.146859
-0.140932
-0.135006
-0.129079
-0.123152
-0.117225
-0.111299
-0.105372
-0.099445
-0.093519
-0.087592
-0.081665
-0.075739
-0.069812
-0.063885
-0.057958
-0.052032
-0.046105
-0.040179
-0.034252
-0.028325
-0.022398
-0.016472
-0.010545
-0.004618
0.001308
0.007235
0.013162
0.019088
0.025015
0.030942
0.036869
0.042795
0.048722
0.054649
0.060575
0.066502
0.072429
0.078355
0.084282
0.090209
0.096135
0.102062
0.107989
0.113915
0.119842
0.125769
0.131696
0.137622
0.143549
0.149476
0.155402
0.161329
0.167256
0.173182
0.179109
0.626618
0.632545
0.638472
0.644399
0.650325
0.656252
0.662179
0.668105
0.674032
0.679959
0.685885
0.691812
0.697739
0.703665
0.709592
0.715519
0.721445
0.727372
0.733299
0.739226
0.745152
0.751079
0.757006
0.762932
0.768859
0.774786
0.780712
0.786639
0.792566
0.798492
0.804419
0.810346
0.816272
0.822199
0.828126
0.834053
0.839979
0.845906
0.851833
0.857759
0.863686
0.869613
0.875539
0.881466
0.887393
0.893320
0.899246
0.905173
0.911099
0.917026
0.922953
0.928880
0.934806
0.940733
0.946660
0.952587
0.958513
0.964440
0.970366
0.976293
0.982220
0.988147
0.994073
1.000000
