-0.024760
-1.000000
-0.991069
-0.982138
-0.973206
-0.964275
-0.955344
-0.946413
-0.937482
-0.928551
-0.919619
-0.910688
-0.901757
-0.892826
-0.883895
-0.874964
-0.866032
-0.857101
-0.848170
-0.839239
-0.830308
-0.821377
-0.812445
-0.803514
-0.794583
-0.785652
-0.776721
-0.767790
-0.758858
-0.749927
-0.740996
-0.732065
-0.723134
-0.714203
-0.705271
-0.696340
-0.687409
-0.678478
-0.669547
-0.660616
-0.651684
-0.642753
-0.633822
-0.351399
-0.342468
-0.333537
-0.324605
-0.315674
-0.306743
-0.297812
-0.288881
-0.279950
-0.271018
-0.262087
-0.253156
-0.244225
-0.235294
-0.226363
-0.217431
-0.208500
-0.199569
-0.190638
-0.181707
-0.172776
0.124144
0.133075
0.142006
0.150938
0.159869
0.168800
0.177731
0.186662
0.195593
0.204525
0.213456
0.222387
0.231318
0.240249
0.249180
0.258112
0.267043
0.275974
0.284905
0.293836
0.302767
0.311699
-0.385156
-0.376225
-0.367293
-0.358362
-0.349431
-0.340500
-0.331569
-0.322638
-0.313706
-0.304775
-0.295844
-0.286913
-0.277982
-0.269051
-0.260119
-0.251188
-0.242257
-0.233326
-0.224395
-0.215464
-0.206532
-0.197601
-0.188670
-0.179739
-0.170808
-0.161877
-0.152945
-0.144014
-0.135083
-0.126152
-0.117221
-0.108290
-0.099358
-0.090427
-0.081496
-0.072565
-0.063634
-0.054703
-0.045771
-0.036840
-0.027909
-0.018978
0.010047
0.018978
0.027909
0.036840
0.045771
0.054703
0.063634
0.072565
0.081496
0.090427
0.099358
0.108290
0.117221
0.126152
0.135083
0.144014
0.152945
0.161877
0.170808
0.179739
0.188670
0.197601
0.206532
0.215464
0.224395
0.233326
0.242257
0.251188
0.260119
0.269051
0.277982
0.286913
0.295844
0.304775
0.313706
0.322638
0.331569
0.340500
0.349431
0.358362
0.367293
0.376225
0.385156
-0.311699
-0.302767
-0.293836
-0.284905
-0.275974
-0.267043
-0.258112
-0.249180
-0.240249
-0.231318
-0.222387
-0.213456
-0.204525
-0.195593
-0.186662
-0.177731
-0.168800
-0.159869
-0.150938
-0.142006
-0.133075
0.163844
0.172776
0.181707
0.190638
0.199569
0.208500
0.217431
0.226363
0.235294
0.244225
0.253156
0.262087
0.271018
0.279950
0.288881
0.297812
0.306743
0.315674
0.324605
0.333537
0.342468
0.351399
0.633822
0.642753
0.651684
0.660616
0.669547
0.678478
0.687409
0.696340
0.705271
0.714203
0.723134
0.732065
0.740996
0.749927
0.758858
0.767790
0.776721
0.785652
0.794583
0.803514
0.812445
0.821377
0.830308
0.839239
0.848170
0.857101
0.866032
0.874964
0.883895
0.892826
0.901757
0.910688
0.919619
0.928551
0.937482
0.946413
0.955344
0.964275
0.973206
0.982138
0.991069
1.000000
