-0.024812
-1.000000
-0.988969
-0.977938
-0.966906
-0.955875
-0.944844
-0.933813
-0.922781
-0.911750
-0.900719
-0.889688
-0.878657
-0.867625
-0.856594
-0.845563
-0.834532
-0.823501
-0.812469
-0.801438
-0.790407
-0.779376
-0.768344
-0.757313
-0.746282
-0.735251
-0.724220
-0.713188
-0.702157
-0.691126
-0.680095
-0.669064
-0.415691
-0.404660
-0.393628
-0.382597
-0.371566
-0.360535
-0.349503
-0.338472
-0.327441
-0.316410
-0.305378
-0.091304
-0.080273
-0.069242
-0.058211
-0.047179
-0.036148
-0.025117
-0.014086
-0.003054
0.007977
0.019008
0.030039
0.041070
0.052102
0.063133
0.074164
0.085195
0.096226
0.107258
0.118289
0.129320
-0.169825
-0.158794
-0.147763
-0.136732
-0.125700
-0.114669
-0.103638
-0.092607
-0.081576
-0.070544
-0.059513
-0.048482
-0.037451
-0.026419
-0.015388
-0.004357
0.006674
0.017705
0.028737
0.039768
0.050799
0.061830
-0.451120
-0.440089
-0.429058
-0.418027
-0.406996
-0.395964
-0.384933
-0.373902
-0.362871
-0.351840
-0.098467
-0.087436
-0.076404
-0.065373
-0.054342
-0.043311
-0.032279
-0.021248
-0.010217
0.000814
0.011846
0.022877
0.033908
0.044939
0.055970
0.067001
0.078033
0.089064
0.100095
0.111126
0.122158
0.133189
0.144220
0.155251
0.166283
0.177314
0.188345
0.199376
0.210407
0.221438
0.232470
0.243501
-0.254532
-0.243501
-0.232470
-0.221438
-0.210407
-0.199376
-0.188345
-0.177314
-0.166283
-0.155251
-0.144220
-0.133189
-0.122158
-0.111126
-0.100095
-0.089064
-0.078033
-0.067001
-0.055970
-0.044939
-0.033908
-0.022877
-0.011846
-0.000814
0.010217
0.021248
0.032279
0.043311
0.054342
0.065373
0.076404
0.087436
0.340808
0.351840
0.362871
0.373902
0.384933
0.395964
0.406996
0.418027
0.429058
0.440089
0.451120
-0.061830
-0.050799
-0.039768
-0.028737
-0.017705
-0.006674
0.004357
0.015388
0.026419
0.037451
0.048482
0.059513
0.070544
0.081576
0.092607
0.103638
0.114669
0.125700
0.136732
0.147763
0.158794
-0.140351
-0.129320
-0.118289
-0.107258
-0.096226
-0.085195
-0.074164
-0.063133
-0.052102
-0.041070
-0.030039
-0.019008
-0.007977
0.003054
0.014086
0.025117
0.036148
0.047179
0.058211
0.069242
0.080273
0.091304
0.305378
0.316410
0.327441
0.338472
0.349503
0.360535
0.371566
0.382597
0.393628
0.404660
0.658032
0.669064
0.680095
0.691126
0.702157
0.713188
0.724220
0.735251
0.746282
0.757313
0.768344
0.779376
0.790407
0.801438
0.812469
0.823501
0.834532
0.845563
0.856594
0.867625
0.878657
0.889688
0.900719
0.911750
0.922781
0.933813
0.944844
0.955875
0.966906
0.977938
0.988969
1.000000
