-0.025023
-1.000000
-0.980379
-0.960759
-0.941138
-0.921517
-0.901896
-0.882275
-0.862655
-0.843034
-0.823413
-0.803792
-0.784172
-0.764551
-0.744930
-0.725309
-0.553705
-0.534084
-0.514463
-0.494843
-0.475222
-0.455601
-0.240153
-0.220532
-0.200912
-0.181291
-0.161670
-0.142049
-0.122429
-0.102808
-0.083187
-0.063566
-0.285164
-0.265544
-0.245923
-0.226302
-0.206681
-0.187061
-0.167440
-0.147819
-0.128198
-0.108578
-0.088957
-0.492746
-0.473125
-0.453504
-0.433884
-0.414263
-0.242658
-0.223038
-0.203417
-0.183796
-0.164175
-0.144555
-0.124934
-0.105313
-0.085692
-0.066072
-0.046451
-0.026830
-0.007209
0.012411
0.032032
0.051653
-0.388831
-0.369210
-0.349590
-0.329969
-0.310348
-0.290727
-0.271107
-0.251486
-0.231865
-0.212244
-0.192624
-0.173003
-0.153382
-0.133761
-0.114141
-0.094520
0.077085
0.096706
0.116326
0.135947
0.155568
0.175189
-0.228600
-0.208980
-0.189359
-0.169738
-0.150117
-0.130497
-0.110876
-0.091255
-0.071634
-0.052014
-0.273612
-0.253991
-0.234370
-0.214749
-0.195129
-0.175508
-0.155887
-0.136266
-0.116646
-0.097025
-0.077404
0.138044
0.157664
0.177285
0.196906
0.216527
0.388131
0.407752
0.427373
0.446993
0.466614
0.486235
0.505856
0.525476
0.545097
0.564718
0.584339
0.603960
0.623580
0.643201
0.662822
0.682443
-0.702063
-0.682443
-0.662822
-0.643201
-0.623580
-0.603960
-0.584339
-0.564718
-0.545097
-0.525476
-0.505856
-0.486235
-0.466614
-0.446993
-0.427373
-0.407752
-0.236147
-0.216527
-0.196906
-0.177285
-0.157664
-0.138044
0.077404
0.097025
0.116646
0.136266
0.155887
0.175508
0.195129
0.214749
0.234370
0.253991
0.032393
0.052014
0.071634
0.091255
0.110876
0.130497
0.150117
0.169738
0.189359
0.208980
0.228600
-0.175189
-0.155568
-0.135947
-0.116326
-0.096706
0.074899
0.094520
0.114141
0.133761
0.153382
0.173003
0.192624
0.212244
0.231865
0.251486
0.271107
0.290727
0.310348
0.329969
0.349590
0.369210
-0.071274
-0.051653
-0.032032
-0.012411
0.007209
0.026830
0.046451
0.066072
0.085692
0.105313
0.124934
0.144555
0.164175
0.183796
0.203417
0.223038
0.394642
0.414263
0.433884
0.453504
0.473125
0.492746
0.088957
0.108578
0.128198
0.147819
0.167440
0.187061
0.206681
0.226302
0.245923
0.265544
0.043946
0.063566
0.083187
0.102808
0.122429
0.142049
0.161670
0.181291
0.200912
0.220532
0.240153
0.455601
0.475222
0.494843
0.514463
0.534084
0.705689
0.725309
0.744930
0.764551
0.784172
0.803792
0.823413
0.843034
0.862655
0.882275
0.901896
0.921517
0.941138
0.960759
0.980379
1.000000
