-0.025128
-1.000000
-0.976075
-0.952151
-0.928226
-0.904302
-0.880377
-0.856453
-0.832528
-0.808604
-0.784679
-0.760755
-0.736830
-0.712906
-0.688981
-0.360198
-0.336274
-0.312349
-0.288425
-0.000611
0.023314
0.047238
0.071163
0.095087
-0.175796
-0.151871
0.013098
0.037022
0.060947
-0.263538
-0.239613
-0.215689
-0.191764
-0.167840
-0.143915
-0.119991
-0.096066
-0.436127
-0.412203
-0.388278
-0.364354
-0.340429
-0.316505
0.160799
0.184723
0.208648
0.232572
-0.038311
-0.014387
0.009538
0.033462
0.057387
-0.282674
-0.258750
-0.234825
0.052989
0.076914
-0.247571
-0.223646
-0.199722
-0.175797
-0.151873
-0.127948
-0.104024
-0.080099
-0.056175
-0.032250
-0.008326
0.015599
0.039523
-0.231360
-0.207436
0.121347
0.145272
-0.194789
-0.170865
-0.146940
0.018029
0.041953
0.065878
0.089802
0.113727
0.137651
0.161576
0.185500
0.209425
-0.427735
-0.403810
-0.379886
-0.355961
-0.332036
-0.308112
-0.020298
0.003627
-0.267257
-0.243332
-0.219407
-0.195483
-0.171558
-0.147634
0.181149
0.205073
0.228998
-0.111064
-0.087139
-0.063214
-0.039290
-0.015365
0.008559
0.032484
-0.307577
-0.283653
-0.259728
-0.235804
-0.560288
-0.536364
-0.512439
-0.783323
-0.759398
-0.735474
-0.711549
-0.687625
-0.663700
-0.639776
-0.615851
-0.591926
-0.568002
-0.544077
0.256263
0.544077
0.568002
0.591926
0.615851
0.639776
0.663700
0.687625
0.711549
0.735474
0.759398
0.783323
0.512439
0.536364
0.560288
0.235804
0.259728
0.283653
0.307577
-0.032484
-0.008559
0.015365
0.039290
0.063214
0.087139
0.111064
-0.228998
-0.205073
-0.181149
0.147634
0.171558
0.195483
0.219407
0.243332
0.267256
-0.003627
0.020298
0.308112
0.332036
0.355961
0.379885
0.403810
0.427735
-0.209425
-0.185500
-0.161576
-0.137651
-0.113727
-0.089802
-0.065878
-0.041953
-0.018029
0.146940
0.170865
0.194789
-0.145272
-0.121347
0.207435
0.231360
-0.039523
-0.015599
0.008326
0.032250
0.056175
0.080099
0.104024
0.127948
0.151873
0.175797
0.199722
0.223646
0.247571
-0.076914
-0.052989
0.234825
0.258750
0.282674
-0.057387
-0.033463
-0.009538
0.014387
0.038311
-0.232572
-0.208648
-0.184723
-0.160799
0.316505
0.340429
0.364354
0.388278
0.412203
0.436127
0.096066
0.119991
0.143915
0.167840
0.191764
0.215689
0.239613
0.263538
-0.060947
-0.037022
-0.013098
0.151871
0.175796
-0.095087
-0.071163
-0.047238
-0.023314
0.000611
0.288425
0.312349
0.336274
0.360198
0.688981
0.712905
0.736830
0.760755
0.784679
0.808604
0.832528
0.856453
0.880377
0.904302
0.928226
0.952151
0.976075
1.000000
