-0.024870
-1.000000
-0.986589
-0.973178
-0.959767
-0.946356
-0.932945
-0.919534
-0.906123
-0.892712
-0.879301
-0.865891
-0.852479
-0.839069
-0.825658
-0.756049
-0.742638
-0.729227
-0.715816
-0.702406
-0.688994
-0.675584
-0.662172
-0.648762
-0.635351
-0.621940
-0.355027
-0.341616
-0.328205
-0.379020
-0.365609
-0.352198
-0.338787
-0.325376
-0.311965
-0.298554
-0.285143
-0.271733
-0.258322
-0.244911
-0.231500
-0.218089
-0.204678
0.175675
0.189086
0.202497
0.215908
0.229319
0.242730
0.256141
0.269552
0.282963
-0.357825
-0.344414
-0.331003
-0.317592
-0.304181
-0.354996
-0.341585
-0.328174
-0.314763
-0.301353
-0.287942
-0.274531
-0.261120
-0.247709
-0.234298
-0.220887
-0.207476
-0.194065
-0.180654
-0.167243
-0.097635
-0.084224
-0.070813
-0.057402
-0.043991
0.222922
0.236333
0.249744
0.263155
0.276566
0.289977
0.303388
0.316799
0.330210
-0.374804
-0.361393
-0.347982
-0.334571
-0.321160
-0.307749
-0.294338
-0.280928
-0.267517
-0.254106
-0.240695
-0.227284
-0.213873
-0.200462
-0.130853
-0.117442
-0.104031
-0.744819
-0.731408
-0.717997
-0.704586
-0.691175
-0.677764
-0.664354
-0.650942
-0.637532
-0.624121
-0.610710
-0.661525
-0.648114
-0.634703
-0.621292
-0.607881
-0.594470
-0.581059
-0.567648
-0.554237
-0.540826
-0.527415
-0.514005
-0.500593
-0.487183
0.473772
0.487183
0.500593
0.514005
0.527415
0.540826
0.554237
0.567648
0.581059
0.594470
0.607881
0.621292
0.634703
0.648114
0.661525
0.610710
0.624121
0.637532
0.650942
0.664354
0.677764
0.691175
0.704586
0.717997
0.731408
0.744819
0.104031
0.117442
0.130853
0.200462
0.213873
0.227284
0.240695
0.254106
0.267517
0.280928
0.294338
0.307749
0.321160
0.334571
0.347982
0.361393
0.374804
-0.330210
-0.316799
-0.303388
-0.289977
-0.276566
-0.263155
-0.249744
-0.236333
-0.222922
0.043991
0.057402
0.070813
0.084224
0.097635
0.167243
0.180654
0.194065
0.207476
0.220887
0.234298
0.247709
0.261120
0.274531
0.287942
0.301353
0.314763
0.328174
0.341585
0.354996
0.304181
0.317592
0.331003
0.344414
0.357825
-0.282963
-0.269552
-0.256141
-0.242730
-0.229319
-0.215908
-0.202497
-0.189086
-0.175675
0.204678
0.218089
0.231500
0.244911
0.258322
0.271733
0.285143
0.298554
0.311965
0.325376
0.338787
0.352198
0.365609
0.379020
0.328205
0.341616
0.355027
0.621940
0.635351
0.648762
0.662172
0.675584
0.688994
0.702406
0.715816
0.729227
0.742638
0.756049
0.825658
0.839069
0.852479
0.865891
0.879301
0.892712
0.906123
0.919534
0.932945
0.946356
0.959767
0.973178
0.986589
1.000000
