-0.024701
-1.000000
-0.993468
-0.986937
-0.980405
-0.973874
-0.967342
-0.960810
-0.954279
-0.947747
-0.941216
-0.934684
-0.928152
-0.921621
-0.915089
-0.908558
-0.902026
-0.895494
-0.888963
-0.826615
-0.820083
-0.813552
-0.807020
-0.800489
-0.793957
-0.787426
-0.780894
-0.774362
-0.767831
-0.761299
-0.754767
-0.748236
-0.741704
-0.735173
-0.728641
-0.722110
-0.715578
-0.772836
-0.766305
-0.759773
-0.753241
-0.746710
-0.740178
-0.286938
-0.280407
-0.273875
-0.267343
-0.260812
-0.254280
-0.247749
-0.241217
-0.234686
-0.228154
-0.221622
-0.215091
-0.152743
-0.146211
-0.139680
-0.133148
-0.126617
-0.120085
-0.113553
-0.107022
-0.100490
0.214676
0.221208
0.227740
0.234271
0.240803
0.247334
0.253866
0.260397
0.266929
0.273461
0.216202
0.222734
0.229266
0.235797
0.242329
0.248860
0.255392
0.261924
0.268455
0.274987
0.281518
0.288050
-0.355176
-0.348645
-0.342113
-0.335581
-0.329050
-0.322518
-0.260170
-0.253639
-0.247107
-0.240576
-0.234044
-0.227513
-0.220981
-0.214449
-0.207918
-0.201386
-0.194854
-0.188323
-0.181791
-0.175260
-0.168728
-0.162197
-0.155665
-0.149133
-0.206392
-0.199860
-0.193328
-0.186797
-0.180265
-0.173734
-0.167202
-0.160671
-0.154139
-0.147607
-0.141076
-0.134544
-0.128012
-0.121481
-0.114949
-0.108418
-0.101886
-0.095355
0.033007
0.095355
0.101886
0.108418
0.114949
0.121481
0.128012
0.134544
0.141076
0.147607
0.154139
0.160671
0.167202
0.173734
0.180265
0.186797
0.193328
0.199860
0.206392
0.149133
0.155665
0.162197
0.168728
0.175260
0.181791
0.188323
0.194854
0.201386
0.207918
0.214449
0.220981
0.227513
0.234044
0.240576
0.247107
0.253639
0.260170
0.322518
0.329050
0.335581
0.342113
0.348645
0.355176
-0.288050
-0.281518
-0.274987
-0.268455
-0.261924
-0.255392
-0.248860
-0.242329
-0.235797
-0.229266
-0.222734
-0.216202
-0.273461
-0.266929
-0.260397
-0.253866
-0.247334
-0.240803
-0.234271
-0.227740
-0.221208
0.093959
0.100490
0.107022
0.113553
0.120085
0.126617
0.133148
0.139680
0.146211
0.152743
0.215091
0.221622
0.228154
0.234686
0.241217
0.247749
0.254280
0.260812
0.267343
0.273875
0.280407
0.286938
0.740178
0.746710
0.753241
0.759773
0.766305
0.772836
0.715578
0.722110
0.728641
0.735173
0.741704
0.748236
0.754767
0.761299
0.767831
0.774362
0.780894
0.787426
0.793957
0.800489
0.807020
0.813552
0.820083
0.826615
0.888963
0.895494
0.902026
0.908558
0.915089
0.921621
0.928152
0.934684
0.941216
0.947747
0.954279
0.960810
0.967342
0.973874
0.980405
0.986937
0.993468
1.000000
