-0.024685
-1.000000
-0.994130
-0.988261
-0.982392
-0.976523
-0.970653
-0.964784
-0.958914
-0.953045
-0.474697
-0.468828
-0.462959
-0.457089
-0.451220
-0.445351
-0.439481
-0.433612
-0.427743
-0.379705
-0.864722
-0.858852
-0.852983
-0.847114
-0.841244
-0.835375
-0.829506
-0.823636
-0.817767
-0.811897
-0.333550
-0.327681
-0.321811
-0.315942
-0.310072
-0.304203
-0.298334
-0.340657
-0.334788
-0.328918
-0.813935
-0.808066
-0.802197
-0.458843
-0.452974
-0.447104
-0.441235
-0.435366
-0.429496
-0.423627
0.054721
0.060590
0.066459
0.072329
0.078198
0.126236
0.132105
0.137975
0.143844
0.149714
-0.335303
-0.329434
-0.323565
-0.317695
-0.078655
-0.072786
-0.066916
-0.061047
-0.055178
0.423170
0.429039
0.434909
0.440778
0.446647
0.404324
0.410193
0.416063
0.421932
0.427801
-0.057216
-0.051346
-0.045477
-0.039608
-0.033738
-0.027869
-0.021999
-0.507016
-0.501147
-0.495278
-0.016930
-0.011061
-0.005192
0.042846
0.048716
0.054585
0.060454
0.066324
0.072193
0.078063
-0.406955
-0.401085
-0.395216
-0.389346
-0.383477
-0.377608
-0.371738
-0.365869
-0.360000
-0.354130
0.124217
0.081894
0.087763
0.093633
0.099502
0.105371
0.111241
0.117110
0.122979
0.128849
-0.356168
-0.350299
-0.344430
-0.338560
-0.332691
-0.326821
-0.320952
-0.315083
-0.309213
-0.211303
0.309213
0.315083
0.320952
0.326821
0.332691
0.338560
0.344430
0.350299
0.356168
-0.128849
-0.122979
-0.117110
-0.111241
-0.105371
-0.099502
-0.093633
-0.087763
-0.081894
-0.124217
0.354130
0.360000
0.365869
0.371738
0.377608
0.383477
0.389346
0.395216
0.401085
0.406954
-0.078063
-0.072193
-0.066324
-0.060455
-0.054585
-0.048716
-0.042847
0.005192
0.011061
0.016930
0.495278
0.501147
0.507016
0.021999
0.027869
0.033738
0.039607
0.045477
0.051346
0.057216
-0.427801
-0.421932
-0.416063
-0.410193
-0.404324
-0.446647
-0.440778
-0.434909
-0.429039
-0.423170
0.055178
0.061047
0.066916
0.072786
0.311826
0.317695
0.323565
0.329434
0.335303
-0.149714
-0.143844
-0.137975
-0.132106
-0.126236
-0.078198
-0.072329
-0.066459
-0.060590
-0.054721
0.423627
0.429496
0.435365
0.441235
0.447104
0.452974
0.458843
0.802197
0.808066
0.813935
0.328918
0.334788
0.340657
0.298334
0.304203
0.310072
0.315942
0.321811
0.327681
0.333550
0.811897
0.817767
0.823636
0.829506
0.835375
0.841244
0.847114
0.852983
0.858852
0.864722
0.379705
0.427743
0.433612
0.439481
0.445351
0.451220
0.457089
0.462959
0.468828
0.474697
0.953045
0.958914
0.964784
0.970653
0.976523
0.982392
0.988261
0.994130
1.000000
