-0.024944
-1.000000
-0.983586
-0.967171
-0.950757
-0.934343
-0.917928
-0.901514
-0.885100
-0.868685
-0.852271
-0.835857
-0.819442
-0.803028
-0.786614
-0.770199
-0.753785
-0.737371
-0.720956
-0.704542
-0.688128
-0.671713
-0.655299
-0.638885
-0.622470
-0.606056
-0.589642
-0.573227
-0.556813
-0.540399
-0.523984
-0.507570
-0.491156
-0.474741
-0.458327
-0.441913
-0.425498
-0.409084
-0.392670
-0.376255
-0.359841
-0.343427
-0.327012
-0.281962
-0.265548
-0.249133
-0.232719
-0.216305
-0.199890
-0.183476
-0.167062
-0.150647
-0.355078
-0.338663
-0.322249
-0.305835
-0.289420
-0.273006
-0.256592
-0.240177
-0.223763
-0.207349
-0.190934
-0.174520
-0.262278
-0.245863
-0.229449
-0.213035
-0.196620
-0.180206
-0.163792
-0.147377
-0.130963
-0.114549
-0.098134
-0.081720
-0.065306
-0.048891
-0.032477
-0.016063
0.000352
0.016766
0.033180
0.049595
0.066009
0.082423
0.224452
0.240867
0.257281
0.273695
0.290110
0.306524
0.322938
0.339353
0.355767
0.372181
0.388596
0.405010
0.421424
0.437839
0.454253
0.470667
0.487082
-0.163205
-0.146790
-0.130376
-0.113962
-0.097547
-0.081133
-0.064719
-0.048304
-0.031890
-0.015476
0.000939
0.017353
0.033767
0.050182
0.066596
0.083010
0.099425
0.115839
0.132253
0.148668
0.165082
0.181496
0.197911
0.214325
0.230739
-0.224236
-0.207821
-0.191407
-0.174993
-0.158579
-0.142164
-0.125750
-0.109335
-0.092921
-0.076507
-0.060093
-0.043678
-0.027264
-0.010849
0.005565
0.021979
0.038393
0.054808
0.071222
0.087637
0.104051
0.120465
0.136879
0.153294
0.169708
0.186123
-0.018308
-0.001894
0.014521
0.030935
0.047350
0.063764
0.080178
0.096592
0.113007
0.129421
0.145835
0.162250
0.178664
0.195078
0.211493
0.227907
0.244322
-0.105341
-0.088927
-0.072512
-0.056098
-0.039684
-0.023269
-0.006855
0.009559
0.025973
0.042388
0.058802
0.075217
0.091631
0.108045
0.124460
0.140874
0.157288
0.173703
0.190117
0.206531
0.222946
0.135188
0.151602
0.168017
0.184431
0.200845
0.217260
0.233674
0.250088
0.266503
0.282917
0.299331
0.315746
0.332160
-0.318126
-0.301712
-0.285298
-0.268883
-0.252469
-0.236055
-0.219640
-0.203226
-0.186812
-0.141762
-0.125347
-0.108933
-0.092519
-0.076104
-0.059690
-0.043276
-0.026861
-0.010447
0.005967
0.022382
0.038796
0.055210
0.071625
0.088039
0.104453
0.120868
0.137282
0.153696
0.170111
0.186525
0.202940
0.219354
0.235768
0.252182
0.268597
0.285011
0.301425
0.317840
0.334254
0.350668
0.367083
0.383497
0.399911
0.416326
0.432740
0.449154
0.465569
0.481983
0.498397
0.514812
0.531226
