-0.024783
-1.000000
-0.990138
-0.980276
-0.970414
-0.960552
-0.950690
-0.940829
-0.930966
-0.921105
-0.911243
-0.901381
-0.891519
-0.881657
-0.871795
-0.861933
-0.852071
-0.842209
-0.832347
-0.822486
-0.812623
-0.802761
-0.792900
-0.783038
-0.773175
-0.763314
-0.753452
-0.743590
-0.733728
-0.723866
-0.714004
-0.704142
-0.694280
-0.684418
-0.674556
-0.664695
-0.654832
-0.644970
-0.635109
-0.625247
-0.615385
-0.605523
-0.595661
-0.585799
-0.575937
-0.566075
-0.556213
-0.546351
-0.536489
-0.526627
-0.516765
-0.506904
-0.497041
-0.487180
-0.477318
-0.467456
-0.457594
-0.447732
-0.437870
-0.428008
-0.418146
-0.408284
-0.398422
-0.388560
-0.378698
-0.368836
-0.358975
-0.349113
-0.339250
-0.329389
-0.319527
-0.309665
-0.299803
-0.289941
-0.280079
-0.270217
-0.260355
-0.250493
-0.240631
-0.230770
-0.220907
-0.211045
-0.201184
-0.191322
-0.181460
-0.171598
-0.161735
-0.151874
-0.142012
-0.132150
-0.122288
-0.112426
-0.102564
-0.092702
-0.082840
-0.072979
-0.063116
-0.053255
-0.043392
-0.033531
-0.023669
-0.013807
-0.003945
0.005917
0.015779
0.025641
0.035503
0.045365
0.055227
0.065089
0.074951
0.084812
0.094675
0.104536
0.114399
0.124260
0.134122
0.143984
0.153846
0.163708
0.173570
0.183432
0.193294
0.203155
0.213018
0.222880
0.232742
0.242603
0.252465
0.262328
0.272190
0.282051
0.291913
0.301775
0.311637
0.321499
0.331361
0.341223
0.351085
0.360947
0.370809
0.380671
0.390533
0.400395
0.410256
0.420119
0.429980
0.439842
0.449704
0.459566
0.469428
0.479290
0.489152
0.499014
0.508876
0.518738
0.528600
0.538462
0.548324
0.558185
0.568047
0.577910
0.587771
0.597633
0.607495
0.617357
0.627219
0.637081
0.646943
0.656805
0.666667
-0.333333
-0.323471
-0.313609
-0.303748
-0.293885
-0.284024
-0.274161
-0.264300
-0.254438
-0.244576
-0.234714
-0.224852
-0.214990
-0.205128
-0.195266
-0.185405
-0.175542
-0.165680
-0.155818
-0.145957
-0.136095
-0.126233
-0.116370
-0.106509
-0.096647
-0.086785
-0.076923
-0.067061
-0.057199
-0.047337
-0.037475
-0.027614
-0.017751
-0.007890
0.001973
0.011834
0.021696
0.031558
0.041420
0.051282
0.061144
0.071006
0.080868
0.090730
0.100592
0.110454
0.120316
0.130177
0.140040
0.149901
0.159764
0.169625
0.179487
0.189349
0.199211
0.209073
0.218935
0.228797
0.238659
0.248520
0.258383
0.268245
0.278107
0.287968
0.297830
0.307692
0.317555
0.327416
0.337278
0.347140
0.357002
0.366864
0.376726
0.386588
0.396450
0.406311
0.416174
0.426035
0.435898
0.445759
0.455621
0.465483
0.475345
0.485207
0.495069
