-0.024832
-1.000000
-0.988142
-0.976285
-0.964427
-0.952569
-0.940712
-0.928854
-0.916996
-0.905138
-0.893281
-0.881423
-0.869565
-0.857708
-0.845850
-0.833992
-0.822134
-0.810277
-0.798419
-0.786561
-0.774704
-0.762846
-0.750988
-0.739131
-0.727273
-0.715415
-0.703557
-0.691700
-0.679842
-0.667984
-0.656127
-0.644269
-0.632411
-0.620553
-0.608696
-0.596838
-0.584980
-0.573123
-0.561265
-0.549407
-0.537549
-0.525692
-0.513834
-0.501976
-0.490119
-0.478261
-0.466403
-0.454546
-0.442688
-0.430830
-0.418972
-0.407115
-0.395257
-0.383399
-0.371542
-0.359684
-0.347826
-0.335968
-0.324111
-0.312253
-0.300395
-0.288538
-0.276680
-0.264822
-0.252964
-0.241107
-0.229249
-0.217392
-0.205534
-0.193676
-0.181818
-0.169961
-0.158103
-0.146245
-0.134388
-0.122530
-0.110672
-0.098814
-0.086957
-0.075099
-0.063241
-0.051383
-0.039526
-0.027668
-0.015810
-0.003953
0.007905
0.019763
0.031621
0.043478
0.055336
0.067193
0.079051
0.090909
0.102767
0.114624
0.126482
0.138340
0.150198
0.162055
0.173913
0.185771
0.197629
0.209486
0.221344
0.233201
0.245059
0.256917
0.268775
0.280632
0.292490
0.304348
0.316206
0.328063
0.339921
0.351778
0.363636
0.375494
0.387352
0.399209
0.411067
0.422925
0.434783
0.446640
0.458498
0.470356
0.482214
0.494071
-0.168643
-0.156785
-0.144927
-0.133070
-0.121212
-0.109354
-0.097497
-0.085639
-0.073781
-0.061923
-0.050066
-0.038208
-0.026350
-0.014493
-0.002635
0.009223
0.021080
0.032938
0.044796
0.056654
0.068511
0.080369
0.092227
0.104084
0.115942
0.127800
0.139658
0.151515
0.163373
0.175231
0.187088
0.198946
0.210804
0.222662
0.234519
0.246377
0.258235
0.270092
0.281950
0.293808
0.305665
0.317523
0.329381
-0.333333
-0.321476
-0.309618
-0.297760
-0.285902
-0.274045
-0.262187
-0.250330
-0.238472
-0.226614
-0.214756
-0.202899
-0.191041
-0.179183
-0.167325
-0.155468
-0.143610
-0.131752
-0.119894
-0.108037
-0.096179
-0.084321
-0.072464
-0.060606
-0.048748
-0.036891
-0.025033
-0.013175
-0.001317
0.010540
0.022398
0.034255
0.046113
0.057971
0.069829
0.081686
0.093544
0.105402
0.117260
0.129117
0.140975
0.152833
0.164691
0.176548
0.188406
0.200263
0.212121
0.223979
0.235837
0.247694
0.259552
0.271410
0.283268
0.295125
0.306983
0.318840
0.330698
0.342556
0.354414
0.366271
0.378129
0.389987
0.401845
0.413702
0.425560
0.437418
0.449276
0.461133
0.472991
0.484848
0.496706
0.508564
0.520422
0.532279
0.544137
0.555995
0.567852
0.579710
0.591568
0.603425
0.615283
0.627141
0.638999
0.650856
0.662714
