-0.025030
-1.000000
-0.980079
-0.960159
-0.940239
-0.920319
-0.900398
-0.880478
-0.860558
-0.840638
-0.820717
-0.800797
-0.780876
-0.760956
-0.741036
-0.721116
-0.701195
-0.681275
-0.661354
-0.641434
-0.621514
-0.601594
-0.581673
-0.561753
-0.541833
-0.521913
-0.501992
-0.482072
-0.462151
-0.442231
-0.422311
-0.402391
-0.382470
-0.362550
-0.342629
-0.322709
-0.302789
-0.282869
-0.262948
-0.243028
-0.223108
-0.203187
-0.183267
-0.163347
-0.143426
-0.123506
-0.103586
-0.083665
-0.063745
-0.043825
-0.023904
-0.003984
0.015936
0.035857
0.055777
0.075697
0.095618
0.115538
0.135458
0.155378
0.175299
0.195219
0.215139
0.235060
-0.254980
-0.235060
-0.215139
-0.195219
-0.175299
-0.155378
-0.135458
-0.115538
-0.095618
-0.075697
-0.055777
-0.035857
-0.015936
0.003984
0.023904
0.043825
0.063745
0.083665
0.103586
0.123506
0.143426
0.163347
-0.326693
-0.306773
-0.286853
-0.266932
-0.247012
-0.227092
-0.207171
-0.187251
-0.167331
-0.147411
-0.127490
-0.107570
-0.087649
-0.067729
-0.047809
-0.027889
-0.007968
0.011952
0.031873
0.051793
0.071713
0.091633
0.111554
0.131474
0.151394
0.171314
0.191235
0.211155
0.231076
0.250996
0.270916
0.290836
0.310757
0.330677
0.350598
0.370518
0.390438
0.410358
0.430279
0.450199
0.470119
0.490039
-0.509960
-0.490039
-0.470119
-0.450199
-0.430279
-0.410358
-0.390438
-0.370518
-0.350598
-0.330677
-0.310757
-0.290836
-0.270916
-0.250996
-0.231076
-0.211155
-0.191235
-0.171314
-0.151394
-0.131474
-0.111554
-0.091633
-0.071713
-0.051793
-0.031873
-0.011952
0.007968
0.027889
0.047809
0.067729
0.087649
0.107570
0.127490
0.147411
0.167331
0.187251
0.207171
0.227092
0.247012
0.266932
0.286853
0.306773
0.326693
-0.163347
-0.143426
-0.123506
-0.103586
-0.083665
-0.063745
-0.043825
-0.023904
-0.003984
0.015936
0.035857
0.055777
0.075697
0.095618
0.115538
0.135458
0.155378
0.175299
0.195219
0.215139
0.235060
-0.254980
-0.235060
-0.215139
-0.195219
-0.175299
-0.155378
-0.135458
-0.115538
-0.095618
-0.075697
-0.055777
-0.035857
-0.015936
0.003984
0.023904
0.043825
0.063745
0.083665
0.103586
0.123506
0.143426
0.163347
0.183267
0.203187
0.223108
0.243028
0.262948
0.282869
0.302789
0.322709
0.342629
0.362550
0.382470
0.402391
0.422311
0.442231
0.462151
0.482072
0.501992
0.521913
0.541833
0.561753
0.581673
0.601594
0.621514
0.641434
0.661354
0.681275
0.701195
0.721116
0.741036
0.760956
0.780876
0.800797
0.820717
0.840638
0.860558
0.880478
0.900398
0.920319
0.940239
0.960159
0.980079
1.000000
