-0.025130
-1.000000
-0.976000
-0.952000
-0.928000
-0.904000
-0.880000
-0.856000
-0.832000
-0.808000
-0.784000
-0.760000
-0.736000
-0.712000
-0.688000
-0.664000
-0.640000
-0.616000
-0.592000
-0.568000
-0.544000
-0.520000
-0.496000
-0.472000
-0.448000
-0.424000
-0.400000
-0.376000
-0.352000
-0.328000
-0.304000
-0.280000
-0.256000
-0.232000
-0.208000
-0.184000
-0.160000
-0.136000
-0.112000
-0.088000
-0.064000
-0.040000
-0.016000
0.008000
0.032000
0.056000
0.080000
0.104000
0.128000
0.152000
0.176000
0.200000
-0.185600
-0.161600
-0.137600
-0.113600
-0.089600
-0.065600
-0.041600
-0.017600
0.006400
0.030400
0.054400
0.078400
-0.307200
-0.283200
-0.259200
-0.235200
-0.211200
-0.187200
-0.163200
-0.139200
-0.115200
-0.091200
-0.067200
-0.043200
-0.019200
0.004800
0.028800
0.052800
0.076800
0.100800
0.124800
0.148800
0.172800
0.196800
-0.188800
-0.164800
-0.140800
-0.116800
-0.092800
-0.068800
-0.044800
-0.020800
0.003200
0.027200
0.051200
0.075200
0.099200
0.123200
0.147200
0.171200
0.195200
-0.190400
-0.166400
-0.142400
-0.118400
-0.094400
-0.070400
-0.046400
-0.022400
0.001600
0.025600
0.049600
0.073600
0.097600
0.121600
0.145600
0.169600
0.193600
0.217600
0.241600
0.265600
0.289600
0.313600
0.337600
0.361600
0.385600
-0.409600
-0.385600
-0.361600
-0.337600
-0.313600
-0.289600
-0.265600
-0.241600
-0.217600
-0.193600
-0.169600
-0.145600
-0.121600
-0.097600
-0.073600
-0.049600
-0.025600
-0.001600
0.022400
0.046400
0.070400
0.094400
0.118400
0.142400
0.166400
0.190400
-0.195200
-0.171200
-0.147200
-0.123200
-0.099200
-0.075200
-0.051200
-0.027200
-0.003200
0.020800
0.044800
0.068800
0.092800
0.116800
0.140800
0.164800
0.188800
-0.196800
-0.172800
-0.148800
-0.124800
-0.100800
-0.076800
-0.052800
-0.028800
-0.004800
0.019200
0.043200
0.067200
0.091200
0.115200
0.139200
0.163200
0.187200
0.211200
0.235200
0.259200
0.283200
-0.102400
-0.078400
-0.054400
-0.030400
-0.006400
0.017600
0.041600
0.065600
0.089600
0.113600
0.137600
0.161600
0.185600
-0.200000
-0.176000
-0.152000
-0.128000
-0.104000
-0.080000
-0.056000
-0.032000
-0.008000
0.016000
0.040000
0.064000
0.088000
0.112000
0.136000
0.160000
0.184000
0.208000
0.232000
0.256000
0.280000
0.304000
0.328000
0.352000
0.376000
0.400000
0.424000
0.448000
0.472000
0.496000
0.520000
0.544000
0.568000
0.592000
0.616000
0.640000
0.664000
0.688000
0.712000
0.736000
0.760000
0.784000
0.808000
0.832000
0.856000
0.880000
0.904000
0.928000
0.952000
0.976000
1.000000
