-0.025384
-1.000000
-0.965657
-0.931313
-0.896970
-0.862626
-0.828283
-0.793939
-0.759596
-0.725253
-0.690909
-0.656566
-0.622222
-0.587879
-0.553535
-0.519192
-0.484848
-0.450505
-0.416162
-0.381818
-0.347475
-0.313131
-0.278788
-0.244445
-0.210101
-0.175758
-0.141414
-0.107071
-0.072727
-0.038384
-0.004040
0.030303
-0.452525
-0.418182
-0.383838
-0.349495
-0.315151
-0.280808
-0.246465
-0.212121
-0.177778
-0.143434
-0.109091
-0.591919
-0.557576
-0.523232
-0.488889
-0.454546
-0.420202
-0.385859
-0.351515
-0.317172
-0.282828
-0.248485
-0.214141
-0.179798
-0.145455
-0.111111
-0.076768
-0.042424
-0.008081
0.026263
0.060606
0.094949
-0.387879
-0.353535
-0.319192
-0.284849
-0.250505
-0.216162
-0.181818
-0.147475
-0.113131
-0.078788
-0.044444
-0.010101
0.024242
0.058586
0.092929
0.127273
0.161616
0.195959
0.230303
0.264646
0.298990
0.333333
-0.149495
-0.115152
-0.080808
-0.046465
-0.012121
0.022222
0.056566
0.090909
0.125253
0.159596
-0.323232
-0.288889
-0.254545
-0.220202
-0.185859
-0.151515
-0.117172
-0.082828
-0.048485
-0.014142
0.020202
0.054545
0.088889
0.123232
0.157576
0.191919
0.226263
0.260606
0.294949
0.329293
0.363636
0.397980
0.432323
0.466667
0.501010
0.535353
0.569697
0.604040
0.638384
0.672727
0.707071
0.741414
-0.775758
-0.741414
-0.707071
-0.672727
-0.638384
-0.604040
-0.569697
-0.535353
-0.501010
-0.466667
-0.432323
-0.397980
-0.363636
-0.329293
-0.294949
-0.260606
-0.226263
-0.191919
-0.157576
-0.123232
-0.088889
-0.054545
-0.020202
0.014142
0.048485
0.082828
0.117172
0.151515
0.185859
0.220202
0.254545
0.288889
-0.193939
-0.159596
-0.125253
-0.090909
-0.056566
-0.022222
0.012121
0.046465
0.080808
0.115152
0.149495
-0.333333
-0.298990
-0.264646
-0.230303
-0.195959
-0.161616
-0.127273
-0.092929
-0.058586
-0.024242
0.010101
0.044444
0.078788
0.113131
0.147475
0.181818
0.216162
0.250505
0.284849
0.319192
0.353535
-0.129293
-0.094949
-0.060606
-0.026263
0.008081
0.042424
0.076768
0.111111
0.145455
0.179798
0.214141
0.248485
0.282828
0.317172
0.351515
0.385859
0.420202
0.454546
0.488889
0.523232
0.557576
0.591919
0.109091
0.143434
0.177778
0.212121
0.246465
0.280808
0.315151
0.349495
0.383838
0.418182
-0.064646
-0.030303
0.004040
0.038384
0.072727
0.107071
0.141414
0.175758
0.210101
0.244445
0.278788
0.313131
0.347475
0.381818
0.416162
0.450505
0.484848
0.519192
0.553535
0.587879
0.622222
0.656566
0.690909
0.725253
0.759596
0.793939
0.828283
0.862626
0.896970
0.931313
0.965657
1.000000
