-0.025451
-1.000000
-0.962921
-0.925843
-0.888765
-0.851687
-0.814608
-0.777530
-0.740451
-0.703373
-0.666295
-0.629217
-0.592138
-0.555060
-0.517981
-0.480903
-0.443825
-0.406746
-0.369668
-0.332590
-0.295512
-0.258433
-0.221355
-0.184277
-0.147198
-0.110120
-0.073042
-0.035963
0.001115
-0.956325
-0.919246
-0.882168
-0.845090
-0.808012
-0.770933
-0.733855
-0.696776
-0.482576
-0.445497
-0.408419
-0.371341
-0.334263
-0.297184
-0.260106
-0.223027
-0.185949
-0.148871
-0.111792
-0.074714
-0.037636
-0.000557
0.036521
0.073599
0.110678
0.147756
0.184834
0.221912
-0.735528
-0.698449
-0.661371
-0.624292
-0.587214
-0.550136
-0.513058
-0.475979
-0.438901
-0.401822
-0.364744
-0.327666
-0.290588
-0.253509
-0.216431
-0.179353
-0.142274
0.071927
0.109005
0.146083
0.183162
0.220240
0.257318
0.294397
0.331475
0.368553
0.405632
0.442710
0.479788
-0.739894
-0.702816
-0.665737
-0.628659
-0.591580
-0.554503
-0.517424
-0.480346
-0.443267
-0.406190
-0.369111
-0.332033
-0.294954
-0.257876
-0.220797
-0.183719
-0.146641
-0.109563
-0.072484
-0.035406
0.001672
0.038751
0.075829
0.112907
0.327108
0.364187
0.401265
0.438343
-0.519096
-0.482019
-0.444940
-0.407862
-0.370783
-0.333705
-0.296626
-0.259549
-0.222470
-0.185392
-0.148313
-0.111235
-0.074157
-0.037079
0.000000
0.037079
0.074157
0.111236
0.148313
0.185392
0.222470
0.259549
0.296626
0.333705
0.370783
0.407862
0.444940
0.482019
0.519096
-0.438343
-0.401265
-0.364186
-0.327108
-0.112907
-0.075829
-0.038751
-0.001672
0.035406
0.072484
0.109563
0.146641
0.183719
0.220797
0.257876
0.294954
0.332033
0.369111
0.406190
0.443267
0.480346
0.517424
0.554503
0.591581
0.628659
0.665737
0.702816
0.739894
-0.479788
-0.442710
-0.405631
-0.368553
-0.331475
-0.294396
-0.257318
-0.220240
-0.183162
-0.146083
-0.109005
-0.071927
0.142274
0.179353
0.216431
0.253509
0.290588
0.327666
0.364745
0.401822
0.438901
0.475979
0.513058
0.550136
0.587214
0.624292
0.661371
0.698449
0.735528
-0.221912
-0.184834
-0.147756
-0.110677
-0.073599
-0.036521
0.000558
0.037636
0.074714
0.111792
0.148871
0.185949
0.223027
0.260106
0.297184
0.334263
0.371341
0.408420
0.445497
0.482576
0.696777
0.733855
0.770933
0.808012
0.845090
0.882169
0.919246
0.956325
-0.001115
0.035963
0.073042
0.110120
0.147198
0.184277
0.221355
0.258433
0.295512
0.332590
0.369668
0.406747
0.443825
0.480903
0.517981
0.555060
0.592138
0.629217
0.666295
0.703374
0.740451
0.777530
0.814608
0.851687
0.888765
0.925843
0.962921
1.000000
