-0.013475
-0.568694
-0.588298
-0.607903
-0.627508
-0.647113
-0.666717
-0.686323
-0.705927
-0.725532
-0.745137
-0.764742
-0.784346
-0.803952
-0.823556
-0.843161
-0.862766
-0.882371
-0.901975
-0.921581
-0.941185
-0.960790
-0.980395
-1.000000
-0.023585
-0.043190
-0.062795
-0.082400
-0.102005
-0.696677
-0.716281
-0.735886
-0.755491
-0.775096
-0.794701
-0.814306
-0.833910
-0.604291
-0.623895
-0.643501
-0.663105
-0.682711
-0.702315
-0.721920
-0.741524
-0.761129
-0.780734
0.195680
0.176075
0.156471
0.136866
0.117261
0.097656
0.078051
0.058446
0.038842
0.019237
-0.575435
-0.595040
-0.614645
-0.634250
-0.653855
-0.673459
-0.693065
-0.712669
-0.732274
-0.751878
-0.771484
-0.791088
-0.810694
0.165721
0.146116
0.126511
0.106907
0.336526
0.316922
0.297317
0.277712
0.258107
0.238502
0.218897
0.199293
0.179688
0.160082
0.140478
0.120873
-0.842793
-0.862398
-0.882002
-0.901608
-0.921212
-0.940817
-0.960422
-0.980027
-0.003612
-0.023218
-0.042822
-0.062427
-0.082032
-0.101637
-0.121241
-0.140846
-0.160451
-0.180056
-0.199661
-0.219266
-0.238870
-0.258476
-0.278080
-0.297685
-0.068065
-0.087670
-0.107275
-0.126880
-0.721551
-0.741157
-0.760761
0.215653
0.196048
0.176443
0.156839
0.137233
0.117629
0.098024
0.078419
0.058814
0.039210
0.019605
0.000000
-0.019604
-0.039210
-0.058814
-0.078419
-0.098024
-0.117629
-0.137233
-0.156839
-0.176443
-0.196048
-0.215653
0.760761
0.741157
0.721551
0.126880
0.107275
0.087671
0.068065
0.297685
0.278080
0.258476
0.238870
0.219266
0.199661
0.180056
0.160451
0.140846
0.121241
0.101637
0.082032
0.062427
0.042822
0.023218
0.003613
0.980027
0.960422
0.940818
0.921212
0.901608
0.882002
0.862398
0.842793
-0.120873
-0.140478
-0.160082
-0.179687
-0.199292
-0.218897
-0.238502
-0.258107
-0.277712
-0.297316
-0.316921
-0.336526
-0.106907
-0.126511
-0.146116
-0.165721
0.810694
0.791088
0.771484
0.751879
0.732274
0.712669
0.693065
0.673459
0.653855
0.634250
0.614645
0.595040
0.575435
-0.019237
-0.038842
-0.058446
-0.078051
-0.097656
-0.117261
-0.136865
-0.156470
-0.176075
-0.195680
0.780734
0.761130
0.741524
0.721920
0.702315
0.682711
0.663105
0.643501
0.623896
0.604292
0.833910
0.814306
0.794701
0.775096
0.755491
0.735887
0.716281
0.696677
0.102005
0.082400
0.062795
0.043190
0.023586
1.000000
0.980395
0.960790
0.941185
0.921581
0.901976
0.882371
0.862766
0.843161
0.823556
0.803952
0.784347
0.764742
0.745137
0.725532
0.705927
0.686323
0.666718
0.647113
0.627508
0.607903
0.588298
0.568694
