-0.025011
-1.000000
-0.980858
-0.961717
-0.942576
-0.923435
-0.904293
-0.885152
-0.866010
-0.846869
-0.827728
-0.808587
-0.789445
-0.770304
-0.751162
-0.732021
-0.712880
-0.693739
-0.674597
-0.655456
-0.636314
-0.617173
-0.598032
-0.578891
-0.559749
-0.540608
-0.521466
-0.502325
-0.483184
-0.464043
-0.444901
-0.425760
-0.406618
-0.387477
-0.368336
-0.349195
-0.330053
-0.538898
-0.519756
-0.500615
-0.481473
-0.462332
-0.443191
-0.424050
-0.404908
-0.385767
-0.366626
-0.347484
-0.328343
-0.309202
-0.290060
-0.270919
-0.546196
-0.527055
-0.507913
-0.488772
-0.469630
-0.450489
-0.431348
-0.412207
-0.393065
-0.373924
-0.354782
-0.335642
-0.316500
-0.297359
-0.278217
-0.259076
-0.239934
-0.220794
-0.201652
-0.182511
-0.163369
-0.144228
-0.353072
-0.333931
-0.314790
-0.295649
-0.276507
-0.257366
-0.238224
-0.219083
-0.199942
-0.180801
-0.161659
-0.142518
-0.123376
-0.104235
-0.085094
-0.065953
-0.046811
-0.027670
-0.008528
0.010613
0.029754
0.048895
0.068037
0.087178
0.106320
0.125461
0.144602
0.163743
0.182885
-0.092392
-0.073251
-0.054110
-0.034968
-0.015827
0.003315
0.022456
-0.186388
-0.167247
-0.148106
-0.128965
-0.109823
-0.090682
-0.071540
-0.052399
-0.033258
-0.014117
0.005025
0.024166
0.043308
0.062448
0.081590
0.100731
0.119873
0.139014
-0.158156
-0.139014
-0.119873
-0.100731
-0.081590
-0.062449
-0.043308
-0.024166
-0.005025
0.014117
0.033258
0.052399
0.071540
0.090682
0.109823
0.128965
0.148106
0.167247
0.186388
-0.022456
-0.003315
0.015827
0.034968
0.054110
0.073250
0.092392
-0.182885
-0.163743
-0.144602
-0.125461
-0.106320
-0.087178
-0.068037
-0.048896
-0.029754
-0.010613
0.008528
0.027670
0.046811
0.065952
0.085094
0.104235
0.123376
0.142518
0.161659
0.180800
0.199941
0.219083
0.238224
0.257366
0.276507
0.295648
0.314789
0.333931
0.353072
0.144228
0.163369
0.182511
0.201652
0.220793
0.239934
0.259076
0.278217
0.297359
0.316500
0.335641
0.354782
0.373924
0.393065
0.412207
0.431348
0.450489
0.469630
0.488772
0.507913
0.527055
0.546196
0.270919
0.290060
0.309202
0.328343
0.347484
0.366625
0.385767
0.404908
0.424050
0.443191
0.462332
0.481473
0.500615
0.519756
0.538898
0.330053
0.349194
0.368336
0.387477
0.406618
0.425760
0.444901
0.464042
0.483184
0.502325
0.521466
0.540608
0.559749
0.578891
0.598031
0.617173
0.636314
0.655456
0.674597
0.693739
0.712879
0.732021
0.751162
0.770304
0.789445
0.808587
0.827727
0.846869
0.866010
0.885152
0.904293
0.923435
0.942576
0.961717
0.980858
1.000000
