-0.025114
-1.000000
-0.976658
-0.953315
-0.929972
-0.906630
-0.883288
-0.859945
-0.836603
-0.813260
-0.789918
-0.766576
-0.743233
-0.719891
-0.696548
-0.673206
-0.649863
-0.626521
-0.603178
-0.579836
-0.556493
-0.533151
-0.509809
-0.486466
-0.463124
-0.439781
-0.416439
-0.393096
-0.369754
-0.346411
-0.323069
-0.299727
-0.276384
-0.253042
-0.229699
-0.206357
-0.183014
-0.159672
-0.136330
-0.112987
-0.089644
-0.066302
-0.042960
-0.019617
0.003725
0.027068
0.050410
0.073753
0.097095
0.120438
0.143780
0.167122
-0.372174
-0.348832
-0.325489
-0.302147
-0.278804
-0.255462
-0.232119
-0.208777
-0.185434
-0.162092
-0.138750
-0.115407
-0.092065
-0.068722
-0.045380
-0.022038
0.001305
0.024647
0.047990
0.071332
0.094675
0.118017
-0.317635
-0.294293
-0.270950
-0.247608
-0.224266
-0.200923
-0.177581
-0.154238
-0.130896
-0.107553
-0.084211
-0.060868
-0.152180
-0.128837
-0.105495
-0.082152
-0.058810
-0.035468
-0.012125
0.011217
0.034560
0.057902
0.081245
0.104587
0.127929
0.151272
0.174614
0.197957
0.221299
-0.466060
-0.442717
-0.419375
-0.396033
-0.372690
-0.349348
-0.326005
-0.302663
-0.279321
-0.255978
-0.232636
-0.209293
-0.185951
-0.162608
-0.139266
-0.115923
-0.092581
-0.069238
-0.045896
-0.022554
0.000789
0.024131
0.047474
0.070816
0.094158
0.117501
0.140844
0.164186
0.187529
0.210871
0.234214
0.257556
0.280899
0.304241
0.327584
0.350926
0.374268
0.397611
0.420953
0.444295
0.467638
0.490980
0.514323
0.537665
0.102013
0.125355
0.148698
0.172040
0.195383
0.218725
0.242067
-0.297229
-0.273887
-0.250544
-0.227202
-0.203859
-0.180517
-0.157174
-0.133832
-0.110490
-0.087147
-0.063805
-0.040462
-0.017120
0.006223
0.029565
0.052907
0.076250
-0.174134
-0.150792
-0.127449
-0.104107
-0.080764
-0.057422
-0.034080
-0.010737
0.012605
0.035948
0.059290
0.082633
0.105975
0.129318
0.152660
0.176002
0.199345
0.222687
0.246030
0.269372
0.292715
0.316057
0.339400
0.362742
0.386085
0.409427
0.432769
0.456112
0.479454
0.502797
0.526139
0.549481
0.572824
0.596166
-0.091193
-0.067850
-0.044508
-0.021165
0.002177
0.025519
0.048862
0.072204
0.095547
0.118889
0.142232
0.165574
0.188917
0.212259
0.235602
-0.200051
-0.176709
-0.153366
-0.130024
-0.106681
-0.083339
-0.059996
-0.036654
-0.013311
0.010031
0.033373
0.056716
0.080058
0.103401
0.126743
0.150086
0.173428
0.196771
0.220113
0.243456
0.266798
0.290141
0.313483
0.336826
0.360168
0.383510
0.406852
0.430195
0.453537
0.476880
0.500222
0.523565
0.546907
0.570250
0.593592
0.616935
