0.024642
1.000000
0.995881
0.991763
0.987644
0.983526
0.979407
0.975289
0.971171
0.967052
0.962934
0.958816
0.954697
0.950579
0.946460
0.942342
0.938223
0.934105
0.929986
0.925868
0.921749
0.917631
0.913512
0.909394
0.905275
0.901157
0.897038
0.892920
0.888802
0.884683
0.880565
0.876446
0.872328
0.868209
0.864091
0.859973
0.855854
0.851736
0.847617
0.843499
0.839380
0.835262
0.831143
0.827025
0.822906
0.818788
0.814669
0.810551
0.806432
0.802314
0.798196
0.794077
0.789959
0.785840
0.781722
0.777604
0.773485
0.769367
0.765248
0.761130
0.757011
0.752893
0.748774
0.744656
0.740537
0.736419
0.732300
0.728182
0.724063
0.719945
0.715826
0.711708
0.707590
0.703471
0.699353
0.695234
0.691116
0.686998
0.682879
0.678761
0.674642
0.670524
0.666405
0.662287
0.658168
0.654050
0.649931
0.645813
0.641694
0.637576
0.633457
0.629339
0.625221
0.621102
0.616984
0.612865
0.608747
0.604629
0.600510
0.596392
0.592273
0.588155
0.584036
0.579918
0.575799
0.571681
0.567562
0.563444
0.559325
0.555207
0.551088
0.546970
0.542851
0.538733
0.534615
0.530496
0.526378
0.522259
0.518141
0.514023
0.509904
0.505786
0.501667
0.497549
0.493430
0.489312
0.485193
0.481075
-0.476956
-0.481075
-0.485193
-0.489312
-0.493430
-0.497549
-0.501667
-0.505786
-0.509904
-0.514023
-0.518141
-0.522259
-0.526378
-0.530496
-0.534615
-0.538733
-0.542851
-0.546970
-0.551088
-0.555207
-0.559325
-0.563444
-0.567562
-0.571681
-0.575799
-0.579918
-0.584036
-0.588155
-0.592273
-0.596392
-0.600510
-0.604629
-0.608747
-0.612865
-0.616984
-0.621102
-0.625221
-0.629339
-0.633457
-0.637576
-0.641694
-0.645813
-0.649931
-0.654050
-0.658168
-0.662287
-0.666405
-0.670524
-0.674642
-0.678761
-0.682879
-0.686998
-0.691116
-0.695234
-0.699353
-0.703471
-0.707590
-0.711708
-0.715826
-0.719945
-0.724063
-0.728182
-0.732300
-0.736419
-0.740537
-0.744656
-0.748774
-0.752893
-0.757011
-0.761130
-0.765248
-0.769367
-0.773485
-0.777604
-0.781722
-0.785840
-0.789959
-0.794077
-0.798196
-0.802314
-0.806432
-0.810551
-0.814669
-0.818788
-0.822906
-0.827025
-0.831143
-0.835262
-0.839380
-0.843499
-0.847617
-0.851736
-0.855854
-0.859973
-0.864091
-0.868209
-0.872328
-0.876446
-0.880565
-0.884683
-0.888802
-0.892920
-0.897038
-0.901157
-0.905275
-0.909394
-0.913512
-0.917631
-0.921749
-0.925868
-0.929986
-0.934105
-0.938223
-0.942342
-0.946460
-0.950579
-0.954697
-0.958816
-0.962934
-0.967052
-0.971171
-0.975289
-0.979407
-0.983526
-0.987644
-0.991763
-0.995881
-1.000000
