0.024679
1.000000
0.994376
0.988752
0.983128
0.977504
0.971881
0.966257
0.960633
0.955009
0.949385
0.943761
0.938137
0.932514
0.926890
0.921266
0.915642
0.910018
0.904394
0.898770
0.893146
0.887523
0.881899
0.876275
0.870651
0.865027
0.859403
0.853779
0.848155
0.842532
0.836908
0.831284
0.825660
0.820036
0.814412
0.808788
0.803164
0.797541
0.791917
0.786293
0.780669
0.775045
0.769421
0.763797
0.758173
0.752550
0.746926
0.741302
0.735678
0.730054
0.724430
0.718806
0.713182
0.707559
0.701935
0.696311
0.690687
0.685063
0.679439
0.673816
0.668191
0.662568
0.656944
0.651320
0.208583
0.202960
0.197336
0.191712
0.186088
0.180464
0.174840
0.169216
0.163592
0.157969
0.152345
0.146721
0.141097
0.135473
0.129849
0.124226
0.118601
0.112978
0.107354
0.101730
0.096106
0.090482
0.084858
0.079235
0.073611
0.067987
0.062363
0.056739
0.051115
0.045491
0.039867
0.034244
0.028620
0.022996
0.017372
0.011748
0.006124
0.000500
-0.005124
-0.010747
-0.016371
-0.021995
-0.027619
-0.033243
-0.038867
-0.044491
-0.050115
-0.055738
-0.061362
-0.066986
-0.072610
-0.078234
-0.083858
-0.089482
-0.095106
-0.100729
-0.106353
-0.111977
-0.117601
-0.123225
-0.128849
-0.134473
-0.140097
-0.145720
0.151344
0.145720
0.140097
0.134473
0.128849
0.123225
0.117601
0.111977
0.106353
0.100729
0.095106
0.089482
0.083858
0.078234
0.072610
0.066986
0.061362
0.055738
0.050115
0.044491
0.038867
0.033243
0.027619
0.021995
0.016371
0.010747
0.005124
-0.000500
-0.006124
-0.011748
-0.017372
-0.022996
-0.028620
-0.034244
-0.039867
-0.045491
-0.051115
-0.056739
-0.062363
-0.067987
-0.073611
-0.079235
-0.084858
-0.090482
-0.096106
-0.101730
-0.107354
-0.112978
-0.118601
-0.124226
-0.129849
-0.135473
-0.141097
-0.146721
-0.152345
-0.157969
-0.163592
-0.169216
-0.174840
-0.180464
-0.186088
-0.191712
-0.197336
-0.202960
-0.645696
-0.651320
-0.656944
-0.662568
-0.668191
-0.673816
-0.679439
-0.685063
-0.690687
-0.696311
-0.701935
-0.707559
-0.713182
-0.718806
-0.724430
-0.730054
-0.735678
-0.741302
-0.746926
-0.752550
-0.758173
-0.763797
-0.769421
-0.775045
-0.780669
-0.786293
-0.791917
-0.797541
-0.803164
-0.808788
-0.814412
-0.820036
-0.825660
-0.831284
-0.836908
-0.842532
-0.848155
-0.853779
-0.859403
-0.865027
-0.870651
-0.876275
-0.881899
-0.887523
-0.893146
-0.898770
-0.904394
-0.910018
-0.915642
-0.921266
-0.926890
-0.932514
-0.938137
-0.943761
-0.949385
-0.955009
-0.960633
-0.966257
-0.971881
-0.977504
-0.983128
-0.988752
-0.994376
-1.000000
