0.021342
0.843207
0.816763
0.790320
0.763876
0.737433
0.710989
0.684546
0.658102
0.631659
0.605215
0.578772
0.552328
0.525885
0.499441
0.472998
0.446554
0.420111
0.393667
0.367224
0.340780
0.314337
0.287893
0.261450
0.235006
0.208563
0.182119
0.155676
0.129232
0.102789
0.076345
0.049902
0.023458
-0.002985
-0.029429
-0.055872
-0.082316
-0.108759
-0.135203
-0.161646
-0.188090
-0.214533
-0.240977
-0.267421
-0.293864
-0.320308
-0.346751
-0.373195
-0.399638
-0.426082
-0.452525
-0.478969
0.222260
0.195816
0.169373
0.142929
0.116486
0.090042
0.063599
0.037155
0.010712
-0.015732
-0.042175
-0.068619
-0.444686
-0.471129
-0.497573
-0.524016
-0.550460
-0.576904
-0.603347
-0.629791
-0.656234
-0.682678
-0.709121
-0.735565
-0.762008
-0.788452
-0.814895
-0.841339
-0.867782
-0.894226
-0.920669
-0.947113
-0.973556
-1.000000
-0.099943
-0.126387
-0.152830
-0.179274
-0.205717
-0.232161
-0.258604
-0.285048
-0.311491
-0.337935
-0.364378
-0.390822
-0.417265
-0.443709
-0.470152
-0.496596
-0.523039
0.178189
0.151746
0.125302
0.098858
0.072415
0.045971
0.019528
-0.006916
-0.033359
-0.059803
-0.086246
-0.112690
-0.139133
-0.165577
-0.192020
-0.218464
-0.244907
-0.271351
-0.297794
-0.324238
-0.350681
-0.377125
-0.403568
-0.430012
-0.456455
0.482899
0.456455
0.430012
0.403568
0.377125
0.350681
0.324238
0.297794
0.271351
0.244907
0.218464
0.192020
0.165577
0.139133
0.112690
0.086246
0.059803
0.033359
0.006916
-0.019528
-0.045971
-0.072415
-0.098858
-0.125302
-0.151746
-0.178189
0.523039
0.496596
0.470152
0.443709
0.417265
0.390822
0.364378
0.337935
0.311491
0.285048
0.258604
0.232161
0.205717
0.179274
0.152830
0.126387
0.099943
1.000000
0.973556
0.947113
0.920669
0.894226
0.867782
0.841339
0.814895
0.788452
0.762008
0.735565
0.709121
0.682678
0.656234
0.629791
0.603347
0.576904
0.550460
0.524016
0.497573
0.471129
0.095062
0.068619
0.042175
0.015732
-0.010712
-0.037155
-0.063599
-0.090042
-0.116486
-0.142929
-0.169373
-0.195816
-0.222260
0.478969
0.452525
0.426082
0.399638
0.373195
0.346751
0.320308
0.293864
0.267421
0.240977
0.214533
0.188090
0.161646
0.135203
0.108759
0.082316
0.055872
0.029429
0.002985
-0.023458
-0.049902
-0.076345
-0.102789
-0.129232
-0.155676
-0.182119
-0.208563
-0.235006
-0.261450
-0.287893
-0.314337
-0.340780
-0.367224
-0.393667
-0.420111
-0.446554
-0.472998
-0.499441
-0.525885
-0.552328
-0.578772
-0.605215
-0.631659
-0.658102
-0.684546
-0.710989
-0.737433
-0.763876
-0.790320
-0.816763
-0.843207
