0.017793
0.696656
0.668272
0.639890
0.611506
0.583124
0.554740
0.526358
0.497974
0.469591
0.441208
0.412825
0.384442
0.356059
0.327676
0.299293
0.270910
0.242527
0.214144
-0.517488
-0.545871
-0.574254
-0.602637
-0.631020
-0.659403
-0.687786
-0.716170
-0.744553
-0.772936
-0.801319
-0.829702
-0.858085
-0.886468
-0.914851
-0.943234
-0.971617
-1.000000
-0.325134
-0.353517
-0.381901
-0.410284
-0.438667
-0.467050
-0.495433
-0.523816
-0.552199
-0.580582
-0.608966
-0.637348
-0.665732
-0.694114
-0.722498
0.186785
0.158401
0.130018
-0.601613
-0.629996
-0.658380
-0.686762
-0.715146
-0.743529
-0.771912
-0.800295
-0.828678
-0.541698
-0.570081
-0.598464
-0.626847
-0.655230
-0.683613
-0.711996
-0.740379
-0.768762
-0.797145
-0.122279
-0.150663
-0.179046
-0.207429
-0.235812
-0.264195
-0.292578
-0.320961
-0.349344
-0.377728
-0.406110
-0.434494
0.730995
0.702612
0.674229
0.645846
0.617463
0.589080
-0.142552
-0.170935
-0.199318
-0.227701
-0.256084
-0.284467
-0.312850
-0.341233
-0.369616
-0.398000
-0.426383
0.482900
0.454516
0.426134
0.397750
0.369367
0.340984
0.312601
0.987466
0.959084
0.930700
0.902318
0.873934
0.845552
0.817168
0.788786
0.760402
0.732019
0.703636
0.675253
0.646870
0.618487
0.590104
0.561721
0.533338
0.504955
0.226677
-0.504955
-0.533338
-0.561721
-0.590104
-0.618487
-0.646870
-0.675253
-0.703636
-0.732019
-0.760402
-0.788786
-0.817168
-0.845552
-0.873934
-0.902318
-0.930700
-0.959084
-0.987466
-0.312601
-0.340984
-0.369367
-0.397750
-0.426134
-0.454516
-0.482900
0.426383
0.398000
0.369616
0.341233
0.312850
0.284467
0.256084
0.227701
0.199318
0.170935
0.142552
-0.589080
-0.617463
-0.645846
-0.674229
-0.702612
-0.730995
0.434494
0.406110
0.377728
0.349344
0.320961
0.292578
0.264195
0.235812
0.207429
0.179046
0.150663
0.122279
0.797145
0.768762
0.740379
0.711996
0.683613
0.655230
0.626847
0.598464
0.570081
0.857061
0.828678
0.800295
0.771912
0.743529
0.715146
0.686762
0.658380
0.629996
0.601613
-0.130018
-0.158401
-0.186785
0.722498
0.694114
0.665732
0.637348
0.608966
0.580582
0.552199
0.523816
0.495433
0.467050
0.438667
0.410284
0.381901
0.353517
0.325134
1.000000
0.971617
0.943234
0.914851
0.886468
0.858085
0.829702
0.801319
0.772936
0.744553
0.716170
0.687786
0.659403
0.631020
0.602637
0.574254
0.545871
0.517488
-0.214144
-0.242527
-0.270910
-0.299293
-0.327676
-0.356059
-0.384442
-0.412825
-0.441208
-0.469591
-0.497974
-0.526358
-0.554740
-0.583124
-0.611506
-0.639890
-0.668272
-0.696656
