0.002325
0.097268
0.099815
0.102363
0.104911
0.107459
0.110007
0.112555
0.115102
0.117650
0.539505
0.542053
0.544601
0.547149
0.549696
0.552244
0.554792
0.557340
0.559888
0.042451
-0.837754
-0.835206
-0.832659
-0.830111
-0.827563
-0.825015
-0.822468
-0.819920
-0.817372
-0.814824
-0.392969
-0.390421
-0.387873
-0.385326
-0.382778
-0.380230
-0.377682
0.144850
0.147398
0.149946
-0.730259
-0.727711
-0.725163
-0.722616
-0.720068
-0.717520
-0.714972
-0.712425
-0.709877
-0.707329
-0.285473
-0.282926
0.412935
0.415482
0.418031
-0.099407
-0.096859
-0.094311
-0.091763
-0.089215
-0.969420
-0.966873
-0.964325
-0.961777
-0.726048
-0.723501
-0.720953
-0.718405
-0.715857
-0.294002
-0.291454
-0.288906
-0.286358
-0.283811
0.238722
0.241269
0.243817
0.246365
0.248913
-0.631292
-0.628744
-0.626197
-0.623649
-0.621101
-0.618553
-0.616006
0.269295
0.271843
0.274391
0.696246
0.698794
0.701342
0.183905
0.186453
0.189000
0.191548
0.194096
0.196644
0.199191
-0.681013
-0.678466
-0.675918
-0.673370
0.022491
0.025038
0.027587
0.030134
0.032682
0.035229
0.457085
0.979617
0.982165
0.984713
0.987261
0.989808
0.992357
0.994904
0.997452
0.999999
0.119795
0.122342
0.124891
0.127438
0.129986
0.132534
0.135082
0.137629
0.140177
-0.042048
-0.140178
-0.137630
-0.135082
-0.132534
-0.129986
-0.127439
-0.124891
-0.122343
-0.119795
-1.000000
-0.997452
-0.994904
-0.992357
-0.989809
-0.987261
-0.984713
-0.982166
-0.979618
-0.457085
-0.035230
-0.032682
-0.030134
-0.027587
-0.025039
-0.022491
0.673370
0.675918
0.678465
0.681013
-0.199192
-0.196644
-0.194097
-0.191549
-0.189001
-0.186453
-0.183905
-0.701342
-0.698794
-0.696246
-0.274391
-0.271843
-0.269296
0.616005
0.618552
0.621101
0.623648
0.626196
0.628744
0.631292
-0.248913
-0.246365
-0.243818
-0.241270
-0.238722
0.283810
0.286358
0.288906
0.291454
0.294002
0.715857
0.718405
0.720952
0.723500
0.959229
0.961776
0.964324
0.966872
0.969420
0.089215
0.091763
0.094311
0.096858
0.099406
-0.418031
-0.415483
-0.412935
0.282926
0.285473
0.707329
0.709876
0.712424
0.714972
0.717520
0.720067
0.722616
0.725163
0.727711
0.730258
-0.149946
-0.147399
-0.144851
0.377682
0.380229
0.382777
0.385325
0.387873
0.390421
0.392968
0.814824
0.817371
0.819919
0.822467
0.825015
0.827563
0.830110
0.832658
0.835206
0.837754
-0.042451
-0.559888
-0.557340
-0.554792
-0.552245
-0.549697
-0.547149
-0.544601
-0.542054
-0.539506
-0.117651
-0.115103
-0.112555
-0.110007
-0.107459
-0.104911
-0.102364
-0.099816
-0.097268
