-0.013530
-0.556253
-0.561178
-0.566103
-0.571028
-0.575953
-0.580878
-0.585802
-0.590727
-0.595652
-0.600577
-0.224431
-0.229356
-0.234281
-0.239206
-0.244131
0.553198
0.548273
0.543348
0.538424
0.533499
0.528574
-0.278605
-0.283530
-0.288455
-0.293380
-0.298305
-0.303229
-0.308154
-0.313079
-0.318004
-0.322929
-0.749037
-0.753962
-0.758887
-0.763812
-0.768737
-0.773662
-0.778586
-0.783511
-0.788436
-0.793361
-0.798286
-0.975376
-0.980300
-0.985225
-0.990150
-0.995075
-0.197746
-0.202671
-0.207596
-0.212521
-0.217446
-0.222371
0.153775
0.148850
0.143926
0.139001
0.134076
0.129151
0.124226
0.119301
0.114376
0.109451
-0.485811
-0.490736
-0.495660
-0.500585
-0.505510
-0.510435
-0.515360
-0.520285
-0.525210
-0.530135
-0.535060
-0.158914
-0.163839
-0.168764
-0.173688
-0.178613
0.618716
0.613791
0.608866
0.603941
0.599016
0.594091
0.417002
0.412077
0.407152
0.402227
0.397302
0.392377
0.387452
0.382528
0.377603
0.372678
-0.053430
-0.058355
-0.063280
-0.068205
-0.073130
-0.078055
-0.082980
-0.087905
-0.092829
-0.097754
-0.102679
-0.909858
-0.914783
-0.919708
-0.924633
-0.929558
-0.132228
-0.137153
-0.142078
-0.147003
-0.151928
-0.156853
0.219293
0.214368
0.209443
0.204518
0.199593
0.194668
0.189744
0.184819
0.179894
0.174969
-0.170044
-0.174969
-0.179894
-0.184819
-0.189744
-0.194668
-0.199593
-0.204518
-0.209443
-0.214368
-0.219293
0.156853
0.151928
0.147003
0.142078
0.137153
0.934482
0.929558
0.924633
0.919708
0.914783
0.909858
0.102679
0.097754
0.092829
0.087905
0.082980
0.078055
0.073130
0.068205
0.063280
0.058355
-0.367753
-0.372678
-0.377603
-0.382528
-0.387452
-0.392377
-0.397302
-0.402227
-0.407152
-0.412077
-0.417002
-0.594091
-0.599016
-0.603941
-0.608866
-0.613791
0.183538
0.178613
0.173688
0.168764
0.163839
0.158914
0.535060
0.530135
0.525210
0.520285
0.515360
0.510435
0.505510
0.500585
0.495660
0.490736
-0.104526
-0.109451
-0.114376
-0.119301
-0.124226
-0.129151
-0.134076
-0.139001
-0.143926
-0.148850
-0.153775
0.222371
0.217446
0.212521
0.207596
0.202671
1.000000
0.995075
0.990150
0.985225
0.980300
0.975376
0.798286
0.793361
0.788436
0.783511
0.778586
0.773662
0.768737
0.763812
0.758887
0.753962
0.327854
0.322929
0.318004
0.313079
0.308154
0.303229
0.298305
0.293380
0.288455
0.283530
0.278605
-0.528574
-0.533499
-0.538424
-0.543348
-0.548273
0.249056
0.244131
0.239206
0.234281
0.229356
0.224431
0.600577
0.595652
0.590727
0.585802
0.580878
0.575953
0.571028
0.566103
0.561178
0.556253
