0.025511
1.000000
0.960491
0.920984
0.881475
0.841967
0.802459
0.762951
0.723442
0.683935
0.714497
0.674990
0.399135
0.359627
0.320118
0.882461
0.842953
0.803445
0.763936
0.724428
0.614849
0.575341
0.535832
0.496324
0.929509
0.890001
0.850492
0.810984
0.771476
0.130117
0.160680
0.121172
0.081664
0.042156
0.002648
-0.273207
-0.312715
0.120470
0.080961
0.041453
-0.068126
-0.107634
-0.147142
0.106751
0.067243
0.027735
-0.011773
0.421412
0.381903
0.342395
0.372958
0.333450
0.895792
0.856285
0.816776
0.777268
0.737760
0.096401
0.056893
-0.218961
-0.328541
-0.368049
-0.407557
-0.447065
-0.486574
-0.526082
-0.565590
-0.605098
-0.644606
-0.614043
-0.180859
-0.220366
0.341976
0.302468
0.735652
0.696144
0.656636
0.617128
0.577619
0.468040
0.428532
0.389024
0.113169
0.073661
0.034153
-0.005355
-0.044863
-0.084372
-0.123880
-0.093317
-0.132825
-0.172333
-0.211841
-0.251349
0.181835
0.142327
0.102819
0.063311
0.023803
-0.085777
0.476565
0.437058
0.397549
0.959892
0.920383
0.644529
0.605021
0.565513
0.526004
0.556568
0.989752
0.950244
0.910736
0.871228
0.229869
0.190361
0.150853
0.584037
0.544529
0.434950
0.395441
0.355934
0.316425
0.276917
0.237409
0.197901
0.158392
0.118885
-0.149447
-0.118884
-0.158392
-0.197901
-0.237409
-0.276917
-0.316425
-0.355933
-0.395441
-0.434950
-0.544529
-0.584037
-0.150853
-0.190361
-0.229869
-0.871228
-0.910736
-0.950244
-0.989752
-0.556568
-0.526004
-0.565513
-0.605020
-0.644529
-0.920383
-0.959892
-0.397549
-0.437057
-0.476565
0.085777
-0.023802
-0.063311
-0.102819
-0.142327
-0.181835
0.251350
0.211841
0.172333
0.132825
0.093317
0.123880
0.084372
0.044864
0.005356
-0.034153
-0.073661
-0.113169
-0.389023
-0.428532
-0.468040
-0.577619
-0.617127
-0.656636
-0.696144
-0.735652
-0.302468
-0.341975
0.220367
0.180859
0.614043
0.644606
0.605098
0.565590
0.526082
0.486574
0.447065
0.407558
0.368049
0.328541
0.218961
-0.056893
-0.096401
-0.737760
-0.777268
-0.816776
-0.856284
-0.895792
-0.333450
-0.372958
-0.342395
-0.381903
-0.421411
0.011773
-0.027735
-0.067243
-0.106751
0.147143
0.107634
0.068126
-0.041453
-0.080961
-0.120469
0.312715
0.273207
-0.002648
-0.042156
-0.081664
-0.121172
-0.160680
-0.130117
-0.771476
-0.810984
-0.850492
-0.890001
-0.929509
-0.496324
-0.535832
-0.575341
-0.614848
-0.724428
-0.763936
-0.803444
-0.842952
-0.882461
-0.320118
-0.359627
-0.399134
-0.674989
-0.714497
-0.683934
-0.723442
-0.762951
-0.802458
-0.841967
-0.881475
-0.920983
-0.960491
-1.000000
