-0.013836
-0.557498
-0.551203
-0.544907
-0.538611
-0.532315
-0.526020
-0.519724
-0.513428
-0.507133
-0.500837
-0.494541
-0.488246
-0.481950
-0.475655
-0.469359
-0.463063
-0.456767
-0.450472
-0.444176
-0.437880
-0.431585
-0.425289
-0.418993
-0.412698
-0.406402
-0.400106
-0.393811
-0.387515
-0.381219
-0.374924
-0.368628
-0.306013
-0.299718
-0.293422
-0.287126
-0.280831
-0.464495
-0.458200
-0.451904
-0.445608
-0.439313
-0.433017
0.057009
0.063304
0.069600
0.075895
0.082191
0.088487
0.094782
0.101078
0.107374
0.113669
0.119965
0.126261
0.132557
0.138852
0.145148
0.151444
0.157739
0.164035
0.170331
0.176626
0.182922
0.132899
0.139194
0.145490
0.151786
0.158081
0.164377
0.170673
0.176968
0.183264
0.189560
0.575776
0.582072
0.588368
0.594663
0.600959
0.607255
0.613550
0.619846
0.626142
0.632437
0.638733
0.645029
0.415506
0.421802
0.428097
0.434393
0.440689
0.446984
0.453280
0.459576
0.465872
0.472167
0.534782
0.541077
0.547373
0.553669
0.559964
0.566260
0.572556
0.095122
0.101417
0.107713
0.114008
0.120304
0.126600
0.132896
-0.050769
-0.044473
-0.038178
-0.031882
-0.025587
-0.019291
-0.012995
-0.006700
-0.000404
0.005892
0.012188
0.018483
0.024779
0.031075
0.037370
0.043666
0.049962
0.056257
-0.223538
-0.217242
-0.210946
-0.204651
-0.198355
-0.192059
-0.185764
-0.179468
-0.173172
-0.166877
-0.160581
-0.154285
-0.147990
-0.141694
-0.135398
-0.129103
-0.122807
-0.116511
-0.110216
0.276001
0.282297
0.288592
0.294888
0.301184
0.307479
0.313775
0.320071
0.326366
0.332662
0.338958
0.345253
0.351549
0.414163
0.420459
0.426755
0.433051
0.439346
0.445642
0.451938
0.458233
0.464529
0.470825
0.477120
-0.484044
-0.477748
-0.471452
-0.465157
-0.458861
-0.452565
-0.446270
-0.439974
-0.433678
-0.427383
-0.421087
-0.414791
-0.598456
-0.592160
-0.585865
-0.579569
-0.573273
-0.566978
-0.560682
-0.554386
-0.548091
-0.598114
-0.591818
-0.585522
-0.579227
-0.572931
-0.566636
-0.560340
-0.554044
-0.547749
-0.541453
-0.535157
-0.528862
-0.522566
-1.000000
-0.993704
-0.987409
-0.981113
-0.974817
-0.968522
-0.962226
-0.955930
-0.949635
-0.459609
-0.453313
-0.447018
-0.440722
-0.434427
-0.428131
-0.041914
-0.035619
-0.029323
-0.023027
0.039587
0.045883
0.052178
0.058474
0.064770
0.071066
0.077361
0.083657
0.089953
0.096248
0.102544
0.108840
0.115135
0.121431
0.127727
0.134022
0.140318
0.146614
0.152909
0.159205
0.165501
0.171796
0.178092
0.184388
0.190683
0.196979
0.203275
0.209570
0.215866
0.222162
0.228457
0.234753
