0.007451
0.305205
0.306784
0.308363
0.309942
0.311522
0.313100
0.314680
0.316259
0.317838
0.319417
0.320997
0.322576
0.324155
0.325734
0.327314
0.328893
0.330472
0.332051
0.333630
0.335209
0.336789
0.338368
0.339947
0.341526
0.343105
0.072996
0.074575
0.076154
0.077734
0.079313
0.080892
-0.489505
-0.487925
-0.486346
-0.484767
-0.483188
-0.706223
-0.704644
-0.703065
-0.701486
-0.699906
-0.698327
-0.854770
-0.853191
-0.851612
-0.850032
-0.848453
-0.846874
-0.845295
-0.843716
-0.842136
-0.268581
-0.267002
-0.265423
-0.263844
-0.262265
-0.260685
-0.259106
-0.257527
-0.255948
-0.254368
-0.252789
-0.251210
0.322345
0.323924
0.325503
0.327083
0.328662
0.330241
0.331820
0.333399
0.334978
0.336558
0.787366
0.788945
0.790524
0.520415
0.521994
0.523573
0.525152
0.526732
0.528311
0.529890
0.531469
0.533048
0.985787
0.987366
0.988945
0.990525
0.992104
0.993683
0.995262
0.996841
0.998421
1.000000
0.429603
0.431182
0.432762
0.434341
0.435920
0.437499
0.439079
0.440658
0.442237
0.443816
0.445395
0.446975
0.448554
0.450133
0.227097
0.228677
0.230256
0.231835
0.233414
0.234994
0.236573
0.238152
0.239731
0.241310
0.242889
0.244469
0.246048
0.247627
0.249206
0.250785
0.252365
0.253944
-0.445876
-0.444297
-0.442718
-0.441138
-0.439559
-0.437980
-0.436401
-0.434822
-0.433242
-0.431663
-0.430084
-0.428505
-0.426926
-0.425347
-0.423767
-0.422188
-0.420609
-0.419030
-0.417450
0.033358
0.034937
0.036516
0.038095
0.039674
0.041254
0.042833
0.616388
0.617967
0.619546
0.621126
0.622705
0.624284
0.053887
0.055467
0.057046
0.058625
0.060204
0.061783
0.063363
0.064942
0.066521
0.068100
0.069680
-0.342695
-0.341116
-0.339537
-0.337958
-0.336379
-0.334799
-0.333220
-0.331641
-0.330062
-0.600171
-0.598592
-0.597013
-0.820048
-0.818469
-0.816890
-0.815310
-0.813731
-0.812152
-0.810573
-0.808994
-0.807415
-0.233860
-0.232280
-0.230701
-0.229122
-0.227543
-0.225964
-0.224384
-0.222805
-0.221226
-0.219647
-0.218068
-0.216489
-0.214909
-0.213330
-0.211751
-0.210172
-0.208592
-0.207013
-0.205434
-0.203855
-0.202276
-0.200696
-0.357139
-0.355560
-0.353981
-0.352402
-0.350823
-0.349243
0.101565
0.103144
0.104723
0.106303
-0.464094
-0.462515
-0.460936
-0.459356
-0.457777
-0.456198
-0.454619
-0.724728
-0.723149
-0.721570
-0.719991
-0.718411
-0.716832
-0.715253
-0.713674
-0.712095
-0.710515
-0.708936
-0.707357
-0.705778
-0.704199
-0.702619
-0.701040
-0.699461
-0.697882
-0.696303
-0.694724
-0.693144
-0.691565
-0.689986
-0.688407
-0.686828
