0.024743
1.000000
0.991781
0.983562
0.975342
0.967123
0.958904
0.950685
0.942465
0.934246
0.926027
0.917808
0.909588
0.901369
0.893150
0.884931
0.876711
0.868492
0.860273
0.852054
0.843834
0.835615
0.827396
0.819177
0.810957
0.802738
0.842139
0.833920
0.825701
0.817481
0.809262
0.801043
0.336980
0.328761
0.320542
0.312323
0.304103
0.116875
0.108656
0.100437
0.092217
0.083998
0.075779
0.067559
0.059340
0.051121
0.042902
0.034682
0.026463
0.018244
0.010025
0.001805
-0.054034
-0.062254
-0.070473
-0.078692
-0.086911
-0.095131
-0.103350
-0.111569
-0.119788
-0.128008
-0.136227
-0.144446
0.303178
0.294958
0.286739
0.278520
0.270301
0.262081
0.253862
0.245643
0.237424
0.229204
0.579004
0.570785
0.562565
0.601966
0.593747
0.585528
0.577309
0.569089
0.560870
0.552651
0.544432
0.536212
0.750217
0.741998
0.733778
0.725559
0.717340
0.709121
0.700901
0.692682
0.684463
0.676244
0.212181
0.203962
0.195743
0.187524
0.179304
0.171085
0.162866
-0.348817
-0.357037
-0.365256
-0.373475
-0.381694
-0.389914
-0.398133
-0.585361
-0.593580
-0.601800
-0.610019
-0.618239
-0.626457
-0.634677
-0.642896
-0.651116
-0.659334
-0.667554
-0.675773
-0.683993
-0.692211
-0.700431
-0.708650
-0.716870
-0.725088
-0.107859
-0.116078
-0.124297
-0.132517
-0.140736
-0.148955
-0.157174
-0.165394
-0.173613
-0.181832
-0.190051
-0.198271
-0.206490
-0.214709
-0.222928
-0.231148
-0.239367
-0.247586
-0.255805
0.093994
0.085775
0.077555
0.069336
0.061117
0.052898
0.044678
-0.011161
-0.019381
-0.027600
-0.035819
-0.044038
-0.052258
-0.516320
-0.524539
-0.532758
-0.540978
-0.549197
-0.557416
-0.565635
-0.573855
-0.582074
-0.590293
-0.598513
0.304955
0.296735
0.288516
0.280297
0.272078
0.263858
0.255639
0.247420
0.239200
0.278602
0.270382
0.262163
0.074935
0.066715
0.058496
0.050277
0.042058
0.033838
0.025619
0.017400
0.009181
0.456804
0.448585
0.440366
0.432147
0.423927
0.415708
0.407489
0.399270
0.391050
0.382831
0.374612
0.366393
0.358173
-0.153509
-0.161729
-0.169948
-0.178167
-0.186387
-0.194606
-0.202825
-0.211044
-0.219264
-0.227483
-0.235702
-0.243921
-0.252141
-0.260360
-0.268579
0.081220
0.073001
0.064782
0.056562
-0.407500
-0.415719
-0.423938
-0.432158
-0.440377
-0.448596
-0.456815
-0.417414
-0.425633
-0.433853
-0.442072
-0.450291
-0.458510
-0.466730
-0.474949
-0.483168
-0.491387
-0.499607
-0.507826
-0.516045
-0.524264
-0.532484
-0.540703
-0.548922
-0.557141
-0.565361
-0.573580
-0.581799
-0.590018
-0.598238
-0.606457
-0.614676
