0.000000
-0.027810
-0.041568
-0.055150
-0.068499
-0.081558
-0.094269
-0.106578
-0.118430
-0.129771
-0.140551
-0.150717
-0.160223
-0.169022
-0.177067
-0.184316
-0.190728
-0.196265
-0.200890
-0.204570
-0.207273
-0.208970
-0.209636
-0.209249
-0.207787
-0.205233
-0.201573
-0.196797
-0.190895
-0.183863
-0.175698
-0.166402
-0.155980
-0.144439
-0.131789
-0.118044
-0.103221
-0.087340
-0.070425
-0.052501
-0.033597
-0.013744
0.007021
0.028663
0.051141
0.074414
0.098434
0.123156
0.148530
0.174503
0.201022
0.228032
0.255475
0.283291
0.311421
0.339802
0.368371
0.397064
0.425816
0.454561
0.483232
0.511763
0.540086
0.568134
0.595840
0.623136
0.649957
0.676236
0.701907
0.726906
0.751169
0.774633
0.797238
0.818924
0.839633
0.859308
0.877896
0.895343
0.911601
0.926619
0.940353
0.952760
0.963801
0.973436
0.981631
0.988354
0.993577
0.997274
0.999421
1.000000
0.998994
0.996391
0.992181
0.986358
0.978919
0.969866
0.959201
0.946934
0.933075
0.917638
0.900642
0.882107
0.862059
0.840525
0.817537
0.793129
0.767337
0.740202
0.711769
0.682082
0.651191
0.619147
0.586004
0.551819
0.516650
0.480559
0.443608
0.405862
0.367387
0.328252
0.288528
0.248283
0.207591
0.166524
0.125157
0.083563
0.041820
0.000000
-0.041820
-0.083564
-0.125158
-0.166525
-0.207592
-0.248283
-0.288528
-0.328253
-0.367387
-0.405862
-0.443608
-0.480560
-0.516650
-0.551819
-0.586004
-0.619147
-0.651191
-0.682082
-0.711770
-0.740203
-0.767337
-0.793129
-0.817537
-0.840526
-0.862059
-0.882107
-0.900642
-0.917638
-0.933075
-0.946934
-0.959201
-0.969866
-0.978919
-0.986358
-0.992181
-0.996391
-0.998994
-1.000000
-0.999421
-0.997274
-0.993577
-0.988354
-0.981631
-0.973436
-0.963800
-0.952760
-0.940353
-0.926619
-0.911601
-0.895343
-0.877896
-0.859308
-0.839633
-0.818924
-0.797237
-0.774633
-0.751169
-0.726906
-0.701907
-0.676236
-0.649957
-0.623136
-0.595840
-0.568134
-0.540086
-0.511763
-0.483231
-0.454561
-0.425816
-0.397064
-0.368371
-0.339802
-0.311421
-0.283291
-0.255475
-0.228031
-0.201022
-0.174503
-0.148530
-0.123156
-0.098434
-0.074413
-0.051141
-0.028663
-0.007021
0.013744
0.033597
0.052502
0.070425
0.087340
0.103221
0.118044
0.131789
0.144439
0.155981
0.166402
0.175698
0.183863
0.190895
0.196797
0.201574
0.205233
0.207787
0.209249
0.209636
0.208970
0.207272
0.204569
0.200890
0.196265
0.190728
0.184316
0.177067
0.169022
0.160223
0.150718
0.140551
0.129771
0.118430
0.106578
0.094269
0.081558
0.068500
0.055150
0.041568
0.027810
0.013934
0.000000
