0.007701
0.041033
0.060919
0.080054
0.098203
0.115137
0.130645
0.144528
0.156606
0.166718
0.174725
0.180511
0.183985
0.185080
0.183759
0.180007
0.173841
0.165303
0.154461
0.141416
0.126286
0.109221
0.090392
0.069991
0.048234
0.025352
0.001594
-0.022778
-0.047489
-0.072258
-0.096793
-0.120804
-0.143997
-0.166082
-0.186772
-0.205789
-0.222868
-0.237754
-0.250210
-0.260016
-0.266973
-0.270907
-0.271664
-0.269120
-0.263176
-0.253764
-0.240844
-0.224408
-0.204476
-0.181101
-0.154366
-0.124382
-0.091293
-0.055266
-0.016499
0.024787
0.068346
0.113913
0.161201
0.209909
0.259719
0.310305
0.361331
0.412452
0.463325
0.513605
0.562949
0.611024
0.657500
0.702064
0.744414
0.784267
0.821360
0.855449
0.886315
0.913766
0.937635
0.957785
0.974106
0.986520
0.994980
0.999468
1.000000
0.996620
0.989402
0.978451
0.963897
0.945899
0.924639
0.900324
0.873178
0.843449
0.811397
0.777295
0.741431
0.704100
0.665598
0.626229
0.586294
0.546091
0.505913
0.466042
0.426752
0.388300
0.350929
0.314864
0.280308
0.247441
0.216425
0.187389
0.160444
0.135670
0.113120
0.092821
0.074773
0.058946
0.045288
0.033718
0.024132
0.016402
0.010382
0.005900
0.002774
0.000800
-0.000235
-0.000557
-0.000399
0.000000
0.000399
0.000557
0.000235
-0.000801
-0.002775
-0.005901
-0.010382
-0.016402
-0.024132
-0.033718
-0.045288
-0.058947
-0.074773
-0.092821
-0.113120
-0.135670
-0.160444
-0.187390
-0.216425
-0.247442
-0.280308
-0.314864
-0.350930
-0.388301
-0.426752
-0.466042
-0.505913
-0.546091
-0.586295
-0.626230
-0.665598
-0.704100
-0.741431
-0.777295
-0.811396
-0.843448
-0.873178
-0.900324
-0.924639
-0.945899
-0.963897
-0.978451
-0.989402
-0.996620
-1.000000
-0.999468
-0.994980
-0.986520
-0.974106
-0.957785
-0.937635
-0.913766
-0.886315
-0.855448
-0.821359
-0.784267
-0.744414
-0.702064
-0.657500
-0.611023
-0.562949
-0.513604
-0.463325
-0.412452
-0.361330
-0.310305
-0.259718
-0.209908
-0.161200
-0.113913
-0.068346
-0.024786
0.016499
0.055266
0.091293
0.124383
0.154366
0.181101
0.204476
0.224408
0.240844
0.253764
0.263176
0.269120
0.271664
0.270906
0.266974
0.260016
0.250210
0.237754
0.222868
0.205789
0.186771
0.166082
0.143997
0.120804
0.096793
0.072258
0.047489
0.022778
-0.001594
-0.025353
-0.048235
-0.069991
-0.090392
-0.109221
-0.126287
-0.141416
-0.154462
-0.165303
-0.173841
-0.180007
-0.183759
-0.185080
-0.183985
-0.180510
-0.174725
-0.166718
-0.156606
-0.144528
-0.130645
-0.115137
-0.098202
-0.080054
-0.060919
-0.041033
-0.020644
0.000000
