-0.036397
-0.868808
-0.885672
-0.901980
-0.917556
-0.932226
-0.945829
-0.958207
-0.969218
-0.978727
-0.986613
-0.992769
-0.997101
-0.999533
-1.000000
-0.998457
-0.994873
-0.989234
-0.981542
-0.971817
-0.960092
-0.946417
-0.930856
-0.913489
-0.894406
-0.873711
-0.851521
-0.827957
-0.803156
-0.777255
-0.750403
-0.722749
-0.694447
-0.665652
-0.636518
-0.607199
-0.577844
-0.548600
-0.519603
-0.490988
-0.462877
-0.435385
-0.408614
-0.382656
-0.357590
-0.333482
-0.310385
-0.288337
-0.267362
-0.247469
-0.228654
-0.210897
-0.194166
-0.178414
-0.163582
-0.149598
-0.136379
-0.123834
-0.111858
-0.100342
-0.089168
-0.078214
-0.067352
-0.056454
-0.777522
-0.766155
-0.754360
-0.742009
-0.728981
-0.715158
-0.700432
-0.684702
-0.667876
-0.649873
-0.630624
-0.610071
-0.588170
-0.564892
-0.540218
-0.514148
-0.486694
-0.457882
-0.427756
-0.396371
-0.363797
-0.330117
-0.295426
-0.259832
-0.223454
-0.186420
-0.148865
-0.110937
-0.072783
-0.034560
0.003574
0.041458
0.078933
0.115839
0.152019
0.187320
0.221596
0.254707
0.286522
0.316920
0.345789
0.373032
0.398562
0.422308
0.444214
0.464236
0.482351
0.498546
0.512830
0.525224
0.535769
0.544517
0.551540
0.556922
0.560764
0.563178
0.564289
0.564234
0.563160
0.561222
0.558585
0.555417
0.551894
0.548191
-0.584932
-0.588456
-0.591624
-0.594261
-0.596198
-0.597272
-0.597327
-0.596216
-0.593803
-0.589961
-0.584578
-0.577556
-0.568807
-0.558263
-0.545869
-0.531585
-0.515389
-0.497275
-0.477252
-0.455347
-0.431601
-0.406070
-0.378828
-0.349959
-0.319561
-0.287746
-0.254635
-0.220358
-0.185057
-0.148877
-0.111972
-0.074497
-0.036612
0.001522
0.039744
0.077898
0.115827
0.153381
0.190415
0.226794
0.262387
0.297078
0.330758
0.363332
0.394718
0.424844
0.453655
0.481109
0.507179
0.531853
0.555132
0.577032
0.597585
0.616835
0.634838
0.651663
0.667394
0.682119
0.695942
0.708970
0.721321
0.733117
0.744483
0.755550
0.034314
0.045175
0.056129
0.067303
0.078819
0.090795
0.103341
0.116559
0.130543
0.145376
0.161128
0.177859
0.195615
0.214431
0.234323
0.255298
0.277346
0.300444
0.324551
0.349617
0.375575
0.402346
0.429838
0.457949
0.486565
0.515561
0.544806
0.574161
0.603480
0.632613
0.661409
0.689710
0.717364
0.744217
0.770117
0.794919
0.818482
0.840673
0.861367
0.880450
0.897817
0.913378
0.927053
0.938778
0.948503
0.956195
0.961834
0.965418
0.966961
0.966494
0.964062
0.959730
0.953573
0.945688
0.936179
0.925169
0.912790
0.899187
0.884516
0.868941
0.852633
0.835770
0.818533
0.801110
