-0.003065
-0.166528
-0.233853
-0.283477
-0.311748
-0.316696
-0.298169
-0.257823
-0.198956
-0.126207
-0.045154
0.038172
0.117798
0.188312
0.245307
0.285738
0.308148
0.312756
0.301401
0.277333
0.244884
0.209054
0.175021
0.147651
0.131034
0.128083
0.140249
0.167358
0.207600
0.257666
0.313014
0.368259
0.417637
0.455516
0.476896
0.477870
0.455994
0.410543
0.342616
0.255102
0.152488
0.040531
-0.074171
-0.184682
-0.284261
-0.366883
-0.427697
-0.463386
-0.472406
-0.455075
-0.413511
-0.351422
-0.273766
-0.186318
-0.095174
-0.006231
0.075294
0.145288
0.201056
0.241510
0.267205
0.280231
0.283972
0.282743
0.281343
0.284574
0.296749
0.321253
0.360177
0.414078
0.481867
0.560851
0.646920
0.734858
0.818768
0.892558
0.950456
0.987505
1.000000
0.985827
0.944670
0.878076
0.789366
0.683394
0.566193
0.444503
0.325264
0.215082
0.119717
0.043660
-0.010196
-0.040744
-0.048705
-0.036519
-0.008086
0.031601
0.076912
0.122092
0.161759
0.191382
0.207656
0.208776
0.194577
0.166515
0.127512
0.081664
0.033842
-0.010765
-0.047152
-0.070980
-0.078990
-0.069336
-0.041792
0.002195
0.059585
0.125979
0.195975
0.263609
0.322854
0.368144
0.394846
0.399670
0.380970
0.338904
0.275452
0.194275
0.100435
0.000000
-0.100435
-0.194276
-0.275454
-0.338905
-0.380970
-0.399670
-0.394845
-0.368144
-0.322854
-0.263608
-0.195975
-0.125979
-0.059585
-0.002195
0.041792
0.069336
0.078990
0.070980
0.047152
0.010764
-0.033843
-0.081664
-0.127513
-0.166516
-0.194577
-0.208776
-0.207656
-0.191383
-0.161760
-0.122091
-0.076911
-0.031600
0.008086
0.036519
0.048706
0.040744
0.010196
-0.043660
-0.119718
-0.215083
-0.325266
-0.444501
-0.566192
-0.683395
-0.789366
-0.878076
-0.944670
-0.985827
-1.000000
-0.987505
-0.950456
-0.892558
-0.818767
-0.734857
-0.646919
-0.560851
-0.481867
-0.414078
-0.360177
-0.321252
-0.296749
-0.284574
-0.281343
-0.282743
-0.283973
-0.280231
-0.267204
-0.241510
-0.201056
-0.145288
-0.075294
0.006231
0.095174
0.186319
0.273767
0.351423
0.413511
0.455075
0.472406
0.463386
0.427697
0.366883
0.284259
0.184681
0.074170
-0.040533
-0.152489
-0.255104
-0.342617
-0.410542
-0.455994
-0.477870
-0.476897
-0.455516
-0.417637
-0.368258
-0.313015
-0.257666
-0.207601
-0.167358
-0.140249
-0.128083
-0.131034
-0.147651
-0.175021
-0.209054
-0.244884
-0.277332
-0.301401
-0.312757
-0.308148
-0.285738
-0.245307
-0.188311
-0.117797
-0.038170
0.045155
0.126207
0.198956
0.257823
0.298169
0.316696
0.311748
0.283476
0.233854
0.166529
0.086557
0.000000
