0.003016
0.013013
0.001627
-0.026921
-0.071971
-0.128871
-0.189527
-0.243602
-0.280178
-0.289602
-0.265244
-0.204854
-0.111281
0.007568
0.139580
0.269977
0.383347
0.465862
0.507358
0.502956
0.453958
0.367879
0.257563
0.139507
0.031610
-0.049338
-0.090068
-0.082794
-0.026432
0.073097
0.203553
0.347946
0.486797
0.600747
0.673173
0.692432
0.653424
0.558254
0.415914
0.241031
0.051881
-0.132061
-0.292661
-0.415415
-0.491163
-0.517003
-0.496303
-0.437826
-0.354153
-0.259618
-0.168122
-0.091118
-0.036084
-0.005685
0.002272
-0.005888
-0.021056
-0.033083
-0.032615
-0.012731
0.029885
0.094417
0.176113
0.267148
0.358021
0.439234
0.502962
0.544454
0.562891
0.561595
0.547484
0.529916
0.519040
0.523968
0.551025
0.602406
0.675449
0.762680
0.852646
0.931451
0.984760
1.000000
0.968408
0.886620
0.757544
0.590341
0.399519
0.203217
0.020918
-0.129105
-0.232215
-0.279417
-0.268600
-0.204860
-0.099835
0.029858
0.164867
0.285714
0.375418
0.421746
0.418783
0.367616
0.276041
0.157331
0.028282
-0.093197
-0.190606
-0.251091
-0.267133
-0.237421
-0.166829
-0.065511
0.052709
0.172430
0.278880
0.359951
0.407747
0.419425
0.397242
0.347838
0.280870
0.207268
0.137375
0.079291
0.037678
0.013203
0.002699
0.000000
-0.002698
-0.013204
-0.037679
-0.079292
-0.137376
-0.207269
-0.280871
-0.347838
-0.397242
-0.419425
-0.407747
-0.359951
-0.278879
-0.172430
-0.052709
0.065512
0.166829
0.237422
0.267133
0.251090
0.190605
0.093196
-0.028284
-0.157331
-0.276041
-0.367617
-0.418784
-0.421746
-0.375418
-0.285713
-0.164865
-0.029856
0.099836
0.204861
0.268600
0.279417
0.232215
0.129104
-0.020919
-0.203220
-0.399522
-0.590340
-0.757543
-0.886620
-0.968407
-0.999999
-0.984760
-0.931449
-0.852646
-0.762680
-0.675449
-0.602406
-0.551025
-0.523968
-0.519041
-0.529915
-0.547484
-0.561594
-0.562892
-0.544453
-0.502962
-0.439233
-0.358021
-0.267147
-0.176113
-0.094417
-0.029884
0.012732
0.032615
0.033082
0.021055
0.005887
-0.002272
0.005685
0.036085
0.091119
0.168122
0.259618
0.354153
0.437827
0.496303
0.517003
0.491162
0.415414
0.292660
0.132059
-0.051883
-0.241034
-0.415916
-0.558254
-0.653424
-0.692432
-0.673173
-0.600746
-0.486796
-0.347944
-0.203553
-0.073097
0.026432
0.082793
0.090068
0.049337
-0.031612
-0.139507
-0.257563
-0.367880
-0.453958
-0.502956
-0.507358
-0.465861
-0.383347
-0.269977
-0.139579
-0.007567
0.111282
0.204855
0.265245
0.289602
0.280178
0.243602
0.189526
0.128871
0.071971
0.026920
-0.001627
-0.013013
-0.010413
0.000001
