-0.003762
0.004575
-0.017378
-0.064323
-0.138327
-0.237154
-0.354349
-0.479894
-0.601324
-0.705207
-0.778768
-0.811497
-0.796507
-0.731508
-0.619239
-0.467339
-0.287633
-0.094938
0.094489
0.264677
0.401633
0.494837
0.538333
0.531321
0.478188
0.387969
0.273316
0.149089
0.030752
-0.067284
-0.133146
-0.158691
-0.140257
-0.078930
0.019700
0.146252
0.288628
0.433330
0.566868
0.677105
0.754404
0.792461
0.788761
0.744628
0.664889
0.557207
0.431181
0.297319
0.165997
0.046523
-0.053616
-0.129253
-0.177747
-0.198920
-0.194726
-0.168752
-0.125582
-0.070141
-0.007088
0.059671
0.127307
0.194180
0.259759
0.324361
0.388769
0.453760
0.519657
0.585927
0.650931
0.711841
0.764753
0.805008
0.827685
0.828199
0.802969
0.750041
0.669595
0.564276
0.439255
0.302021
0.161886
0.029230
-0.085436
-0.172507
-0.224317
-0.236034
-0.206329
-0.137712
-0.036483
0.087729
0.222790
0.355216
0.471518
0.559601
0.610091
0.617407
0.580467
0.502939
0.392975
0.262454
0.125797
-0.001528
-0.104650
-0.170911
-0.191268
-0.161327
-0.081879
0.041131
0.197183
0.372303
0.550523
0.715595
0.852711
0.950056
1.000000
0.999812
0.951792
0.862834
0.743460
0.606453
0.465255
0.332340
0.217738
0.127908
0.065100
0.027255
0.008478
0.000001
-0.008478
-0.027256
-0.065101
-0.127909
-0.217739
-0.332341
-0.465256
-0.606454
-0.743460
-0.862834
-0.951791
-0.999811
-1.000000
-0.950056
-0.852710
-0.715594
-0.550522
-0.372302
-0.197183
-0.041129
0.081880
0.161329
0.191269
0.170911
0.104649
0.001526
-0.125800
-0.262456
-0.392977
-0.502939
-0.580467
-0.617407
-0.610092
-0.559601
-0.471518
-0.355216
-0.222789
-0.087728
0.036484
0.137714
0.206330
0.236034
0.224317
0.172507
0.085435
-0.029231
-0.161887
-0.302023
-0.439255
-0.564277
-0.669596
-0.750042
-0.802971
-0.828201
-0.827686
-0.805009
-0.764752
-0.711841
-0.650931
-0.585926
-0.519655
-0.453759
-0.388770
-0.324362
-0.259759
-0.194180
-0.127307
-0.059671
0.007089
0.070141
0.125581
0.168753
0.194727
0.198920
0.177748
0.129253
0.053617
-0.046523
-0.165998
-0.297320
-0.431183
-0.557209
-0.664892
-0.744629
-0.788761
-0.792461
-0.754404
-0.677104
-0.566866
-0.433331
-0.288628
-0.146252
-0.019700
0.078930
0.140257
0.158691
0.133147
0.067284
-0.030752
-0.149090
-0.273317
-0.387971
-0.478190
-0.531322
-0.538334
-0.494839
-0.401634
-0.264677
-0.094488
0.094940
0.287633
0.467339
0.619239
0.731508
0.796508
0.811497
0.778768
0.705209
0.601326
0.479894
0.354349
0.237153
0.138327
0.064322
0.017378
-0.004575
-0.007442
0.000000
