0.014921
0.236160
0.334458
0.410284
0.458215
0.474530
0.457519
0.407707
0.327961
0.223450
0.101440
-0.029092
-0.158010
-0.274722
-0.368993
-0.431814
-0.456234
-0.438110
-0.376654
-0.274749
-0.138936
0.020921
0.192304
0.361015
0.512363
0.632486
0.709673
0.735567
0.706121
0.622183
0.489664
0.319199
0.125366
-0.074534
-0.262010
-0.419092
-0.530067
-0.583056
-0.571290
-0.493919
-0.356283
-0.169580
0.050040
0.282901
0.507600
0.703032
0.850431
0.935230
0.948550
0.888169
0.758851
0.572003
0.344674
0.097986
-0.144848
-0.360755
-0.529019
-0.633311
-0.663304
-0.615707
-0.494633
-0.311232
-0.082647
0.169624
0.421793
0.650071
0.832961
0.953321
1.000000
0.968887
0.863271
0.693484
0.475852
0.231093
-0.017717
-0.247364
-0.436726
-0.568753
-0.632035
-0.621806
-0.540288
-0.396356
-0.204576
0.016290
0.245133
0.460562
0.642897
0.775993
0.848654
0.855542
0.797511
0.681333
0.518890
0.325897
0.120330
-0.079315
-0.255739
-0.394360
-0.484533
-0.520350
-0.500956
-0.430396
-0.317022
-0.172539
-0.010807
0.153487
0.306151
0.434670
0.529183
0.583156
0.593711
0.561638
0.491087
0.389010
0.264425
0.127572
-0.010958
-0.141020
-0.253631
-0.341524
-0.399521
-0.424753
-0.416688
-0.377031
-0.309501
-0.219512
-0.113802
-0.000001
0.113802
0.219514
0.309503
0.377032
0.416688
0.424752
0.399520
0.341522
0.253631
0.141020
0.010958
-0.127572
-0.264425
-0.389010
-0.491087
-0.561638
-0.593712
-0.583157
-0.529184
-0.434668
-0.306148
-0.153486
0.010808
0.172541
0.317023
0.430397
0.500957
0.520351
0.484534
0.394358
0.255737
0.079312
-0.120333
-0.325900
-0.518890
-0.681333
-0.797511
-0.855542
-0.848653
-0.775992
-0.642895
-0.460564
-0.245135
-0.016289
0.204576
0.396357
0.540289
0.621807
0.632035
0.568753
0.436726
0.247363
0.017715
-0.231095
-0.475855
-0.693484
-0.863272
-0.968887
-0.999999
-0.953320
-0.832958
-0.650067
-0.421792
-0.169623
0.082649
0.311234
0.494635
0.615709
0.663304
0.633312
0.529019
0.360754
0.144847
-0.097990
-0.344676
-0.572006
-0.758851
-0.888169
-0.948550
-0.935229
-0.850430
-0.703029
-0.507596
-0.282900
-0.050039
0.169582
0.356285
0.493921
0.571291
0.583057
0.530067
0.419092
0.262009
0.074532
-0.125369
-0.319201
-0.489662
-0.622183
-0.706120
-0.735566
-0.709672
-0.632485
-0.512362
-0.361017
-0.192306
-0.020922
0.138934
0.274747
0.376653
0.438109
0.456235
0.431814
0.368993
0.274720
0.158008
0.029089
-0.101444
-0.223451
-0.327961
-0.407708
-0.457519
-0.474531
-0.458214
-0.410283
-0.334460
-0.236161
-0.122128
-0.000001
