0.024541
1.000000
1.000000
1.000000
1.000000
1.000000
1.000000
1.000000
1.000000
1.000000
1.000000
1.000000
1.000000
1.000000
1.000000
1.000000
1.000000
1.000000
1.000000
1.000000
1.000000
1.000000
1.000000
1.000000
1.000000
1.000000
1.000000
1.000000
1.000000
1.000000
1.000000
1.000000
1.000000
1.000000
1.000000
1.000000
1.000000
1.000000
1.000000
1.000000
1.000000
1.000000
1.000000
1.000000
1.000000
1.000000
1.000000
1.000000
1.000000
1.000000
1.000000
1.000000
1.000000
1.000000
1.000000
1.000000
1.000000
1.000000
1.000000
1.000000
1.000000
1.000000
1.000000
1.000000
0.488525
0.488525
0.488525
0.488525
0.488525
0.488525
0.488525
0.488525
0.488525
0.488525
0.488525
0.488525
0.488525
0.488525
0.488525
0.488525
0.488525
0.488525
0.488525
0.488525
0.488525
0.488525
0.488525
0.488525
0.488525
0.488525
0.488525
0.488525
0.488525
0.488525
0.488525
0.488525
0.488525
0.488525
0.488525
0.488525
0.488525
0.488525
0.488525
0.488525
0.488525
0.488525
0.488525
0.488525
0.488525
0.488525
0.488525
0.488525
0.488525
0.488525
0.488525
0.488525
0.488525
0.488525
0.488525
0.488525
0.488525
0.488525
0.488525
0.488525
0.488525
0.488525
0.488525
0.488525
-0.488525
-0.488525
-0.488525
-0.488525
-0.488525
-0.488525
-0.488525
-0.488525
-0.488525
-0.488525
-0.488525
-0.488525
-0.488525
-0.488525
-0.488525
-0.488525
-0.488525
-0.488525
-0.488525
-0.488525
-0.488525
-0.488525
-0.488525
-0.488525
-0.488525
-0.488525
-0.488525
-0.488525
-0.488525
-0.488525
-0.488525
-0.488525
-0.488525
-0.488525
-0.488525
-0.488525
-0.488525
-0.488525
-0.488525
-0.488525
-0.488525
-0.488525
-0.488525
-0.488525
-0.488525
-0.488525
-0.488525
-0.488525
-0.488525
-0.488525
-0.488525
-0.488525
-0.488525
-0.488525
-0.488525
-0.488525
-0.488525
-0.488525
-0.488525
-0.488525
-0.488525
-0.488525
-0.488525
-0.488525
-1.000000
-1.000000
-1.000000
-1.000000
-1.000000
-1.000000
-1.000000
-1.000000
-1.000000
-1.000000
-1.000000
-1.000000
-1.000000
-1.000000
-1.000000
-1.000000
-1.000000
-1.000000
-1.000000
-1.000000
-1.000000
-1.000000
-1.000000
-1.000000
-1.000000
-1.000000
-1.000000
-1.000000
-1.000000
-1.000000
-1.000000
-1.000000
-1.000000
-1.000000
-1.000000
-1.000000
-1.000000
-1.000000
-1.000000
-1.000000
-1.000000
-1.000000
-1.000000
-1.000000
-1.000000
-1.000000
-1.000000
-1.000000
-1.000000
-1.000000
-1.000000
-1.000000
-1.000000
-1.000000
-1.000000
-1.000000
-1.000000
-1.000000
-1.000000
-1.000000
-1.000000
-1.000000
-1.000000
-1.000000
