0.009581
0.390426
0.390426
0.390426
0.390426
0.390426
0.390426
0.390426
0.390426
0.390426
0.390426
0.390426
0.390426
0.390426
0.390426
0.390426
0.390426
0.390426
0.390426
0.390426
0.390426
0.390426
0.390426
0.390426
0.390426
0.390426
0.390426
0.390426
0.390426
0.390426
0.390426
0.390426
1.000000
1.000000
1.000000
1.000000
1.000000
1.000000
1.000000
1.000000
1.000000
1.000000
1.000000
1.000000
1.000000
1.000000
1.000000
1.000000
1.000000
1.000000
1.000000
1.000000
1.000000
1.000000
1.000000
1.000000
1.000000
1.000000
1.000000
1.000000
1.000000
1.000000
1.000000
1.000000
0.034842
0.034842
0.034842
0.034842
0.034842
0.034842
0.034842
0.034842
0.034842
0.034842
0.034842
0.034842
0.034842
0.034842
0.034842
0.034842
0.034842
0.034842
0.034842
0.034842
0.034842
0.034842
0.034842
0.034842
0.034842
0.034842
0.034842
0.034842
0.034842
0.034842
0.034842
0.034842
0.644416
0.644416
0.644416
0.644416
0.644416
0.644416
0.644416
0.644416
0.644416
0.644416
0.644416
0.644416
0.644416
0.644416
0.644416
0.644416
0.644416
0.644416
0.644416
0.644416
0.644416
0.644416
0.644416
0.644416
0.644416
0.644416
0.644416
0.644416
0.644416
0.644416
0.644416
0.644416
-0.644416
-0.644416
-0.644416
-0.644416
-0.644416
-0.644416
-0.644416
-0.644416
-0.644416
-0.644416
-0.644416
-0.644416
-0.644416
-0.644416
-0.644416
-0.644416
-0.644416
-0.644416
-0.644416
-0.644416
-0.644416
-0.644416
-0.644416
-0.644416
-0.644416
-0.644416
-0.644416
-0.644416
-0.644416
-0.644416
-0.644416
-0.644416
-0.034842
-0.034842
-0.034842
-0.034842
-0.034842
-0.034842
-0.034842
-0.034842
-0.034842
-0.034842
-0.034842
-0.034842
-0.034842
-0.034842
-0.034842
-0.034842
-0.034842
-0.034842
-0.034842
-0.034842
-0.034842
-0.034842
-0.034842
-0.034842
-0.034842
-0.034842
-0.034842
-0.034842
-0.034842
-0.034842
-0.034842
-0.034842
-1.000000
-1.000000
-1.000000
-1.000000
-1.000000
-1.000000
-1.000000
-1.000000
-1.000000
-1.000000
-1.000000
-1.000000
-1.000000
-1.000000
-1.000000
-1.000000
-1.000000
-1.000000
-1.000000
-1.000000
-1.000000
-1.000000
-1.000000
-1.000000
-1.000000
-1.000000
-1.000000
-1.000000
-1.000000
-1.000000
-1.000000
-1.000000
-0.390426
-0.390426
-0.390426
-0.390426
-0.390426
-0.390426
-0.390426
-0.390426
-0.390426
-0.390426
-0.390426
-0.390426
-0.390426
-0.390426
-0.390426
-0.390426
-0.390426
-0.390426
-0.390426
-0.390426
-0.390426
-0.390426
-0.390426
-0.390426
-0.390426
-0.390426
-0.390426
-0.390426
-0.390426
-0.390426
-0.390426
-0.390426
