0.012489
0.508919
0.508919
0.508919
0.508919
0.508919
0.508919
0.508919
0.508919
0.508919
0.508919
0.508919
0.508919
0.508919
0.508919
0.508919
0.120147
0.120147
0.120147
0.120147
0.120147
0.120147
0.120147
0.120147
0.120147
0.120147
0.120147
0.120147
0.120147
0.120147
0.120147
0.120147
1.000000
1.000000
1.000000
1.000000
1.000000
1.000000
1.000000
1.000000
1.000000
1.000000
1.000000
1.000000
1.000000
1.000000
1.000000
1.000000
0.611228
0.611228
0.611228
0.611228
0.611228
0.611228
0.611228
0.611228
0.611228
0.611228
0.611228
0.611228
0.611228
0.611228
0.611228
0.611228
0.222455
0.222455
0.222455
0.222455
0.222455
0.222455
0.222455
0.222455
0.222455
0.222455
0.222455
0.222455
0.222455
0.222455
0.222455
0.222455
-0.166317
-0.166317
-0.166317
-0.166317
-0.166317
-0.166317
-0.166317
-0.166317
-0.166317
-0.166317
-0.166317
-0.166317
-0.166317
-0.166317
-0.166317
-0.166317
0.713536
0.713536
0.713536
0.713536
0.713536
0.713536
0.713536
0.713536
0.713536
0.713536
0.713536
0.713536
0.713536
0.713536
0.713536
0.713536
0.324764
0.324764
0.324764
0.324764
0.324764
0.324764
0.324764
0.324764
0.324764
0.324764
0.324764
0.324764
0.324764
0.324764
0.324764
0.324764
-0.324764
-0.324764
-0.324764
-0.324764
-0.324764
-0.324764
-0.324764
-0.324764
-0.324764
-0.324764
-0.324764
-0.324764
-0.324764
-0.324764
-0.324764
-0.324764
-0.713536
-0.713536
-0.713536
-0.713536
-0.713536
-0.713536
-0.713536
-0.713536
-0.713536
-0.713536
-0.713536
-0.713536
-0.713536
-0.713536
-0.713536
-0.713536
0.166317
0.166317
0.166317
0.166317
0.166317
0.166317
0.166317
0.166317
0.166317
0.166317
0.166317
0.166317
0.166317
0.166317
0.166317
0.166317
-0.222455
-0.222455
-0.222455
-0.222455
-0.222455
-0.222455
-0.222455
-0.222455
-0.222455
-0.222455
-0.222455
-0.222455
-0.222455
-0.222455
-0.222455
-0.222455
-0.611228
-0.611228
-0.611228
-0.611228
-0.611228
-0.611228
-0.611228
-0.611228
-0.611228
-0.611228
-0.611228
-0.611228
-0.611228
-0.611228
-0.611228
-0.611228
-1.000000
-1.000000
-1.000000
-1.000000
-1.000000
-1.000000
-1.000000
-1.000000
-1.000000
-1.000000
-1.000000
-1.000000
-1.000000
-1.000000
-1.000000
-1.000000
-0.120147
-0.120147
-0.120147
-0.120147
-0.120147
-0.120147
-0.120147
-0.120147
-0.120147
-0.120147
-0.120147
-0.120147
-0.120147
-0.120147
-0.120147
-0.120147
-0.508919
-0.508919
-0.508919
-0.508919
-0.508919
-0.508919
-0.508919
-0.508919
-0.508919
-0.508919
-0.508919
-0.508919
-0.508919
-0.508919
-0.508919
-0.508919
