0.015173
0.618271
0.618271
0.618271
0.618271
0.618271
0.618271
0.618271
0.618271
0.618271
0.618271
0.172920
0.172920
0.172920
0.172920
0.172920
-0.129282
-0.129282
-0.129282
-0.129282
-0.129282
-0.129282
0.316069
0.316069
0.316069
0.316069
0.316069
0.316069
0.316069
0.316069
0.316069
0.316069
0.554650
0.554650
0.554650
0.554650
0.554650
0.554650
0.554650
0.554650
0.554650
0.554650
0.554650
1.000000
1.000000
1.000000
1.000000
1.000000
0.697798
0.697798
0.697798
0.697798
0.697798
0.697798
0.252447
0.252447
0.252447
0.252447
0.252447
0.252447
0.252447
0.252447
0.252447
0.252447
0.395595
0.395595
0.395595
0.395595
0.395595
0.395595
0.395595
0.395595
0.395595
0.395595
0.395595
-0.049755
-0.049755
-0.049755
-0.049755
-0.049755
-0.351957
-0.351957
-0.351957
-0.351957
-0.351957
-0.351957
0.093393
0.093393
0.093393
0.093393
0.093393
0.093393
0.093393
0.093393
0.093393
0.093393
0.331974
0.331974
0.331974
0.331974
0.331974
0.331974
0.331974
0.331974
0.331974
0.331974
0.331974
0.777325
0.777325
0.777325
0.777325
0.777325
0.475123
0.475123
0.475123
0.475123
0.475123
0.475123
0.029772
0.029772
0.029772
0.029772
0.029772
0.029772
0.029772
0.029772
0.029772
0.029772
-0.029772
-0.029772
-0.029772
-0.029772
-0.029772
-0.029772
-0.029772
-0.029772
-0.029772
-0.029772
-0.029772
-0.475123
-0.475123
-0.475123
-0.475123
-0.475123
-0.777325
-0.777325
-0.777325
-0.777325
-0.777325
-0.777325
-0.331974
-0.331974
-0.331974
-0.331974
-0.331974
-0.331974
-0.331974
-0.331974
-0.331974
-0.331974
-0.093393
-0.093393
-0.093393
-0.093393
-0.093393
-0.093393
-0.093393
-0.093393
-0.093393
-0.093393
-0.093393
0.351957
0.351957
0.351957
0.351957
0.351957
0.049755
0.049755
0.049755
0.049755
0.049755
0.049755
-0.395595
-0.395595
-0.395595
-0.395595
-0.395595
-0.395595
-0.395595
-0.395595
-0.395595
-0.395595
-0.252447
-0.252447
-0.252447
-0.252447
-0.252447
-0.252447
-0.252447
-0.252447
-0.252447
-0.252447
-0.252447
-0.697798
-0.697798
-0.697798
-0.697798
-0.697798
-1.000000
-1.000000
-1.000000
-1.000000
-1.000000
-1.000000
-0.554650
-0.554650
-0.554650
-0.554650
-0.554650
-0.554650
-0.554650
-0.554650
-0.554650
-0.554650
-0.316069
-0.316069
-0.316069
-0.316069
-0.316069
-0.316069
-0.316069
-0.316069
-0.316069
-0.316069
-0.316069
0.129282
0.129282
0.129282
0.129282
0.129282
-0.172920
-0.172920
-0.172920
-0.172920
-0.172920
-0.172920
-0.618271
-0.618271
-0.618271
-0.618271
-0.618271
-0.618271
-0.618271
-0.618271
-0.618271
-0.618271
