0.020787
0.847028
0.847028
0.847028
0.847028
0.847028
0.847028
0.847028
0.847028
0.847028
0.847028
0.418709
0.418709
-0.086095
-0.086095
-0.086095
-0.376740
-0.376740
-0.376740
-0.376740
-0.376740
-0.376740
0.051579
0.051579
0.051579
0.051579
0.556383
0.556383
0.556383
0.556383
0.556383
0.556383
0.785840
0.785840
0.785840
0.785840
0.785840
0.785840
0.785840
0.281036
0.281036
0.281036
0.281036
0.709355
0.709355
0.709355
0.709355
0.709355
0.418710
0.418710
0.418710
0.418710
0.923514
0.923514
0.495195
0.495195
0.495195
0.495195
0.495195
0.495195
0.495195
0.495195
0.495195
0.495195
0.128064
0.128064
0.128064
0.128064
0.128064
0.128064
0.128064
0.128064
0.128064
0.128064
0.128064
-0.300255
-0.300255
0.204550
0.204550
0.204550
-0.086095
-0.086095
-0.086095
-0.086095
-0.086095
-0.086095
0.342224
0.342224
0.342224
0.342224
-0.162581
-0.162581
-0.162581
-0.162581
-0.162581
-0.162581
0.066876
0.066876
0.066876
0.066876
0.066876
0.066876
0.066876
0.571681
0.571681
0.571681
0.571681
1.000000
1.000000
1.000000
1.000000
1.000000
0.709355
0.709355
0.709355
0.709355
0.204550
0.204550
-0.223769
-0.223769
-0.223769
-0.223769
-0.223769
-0.223769
-0.223769
-0.223769
-0.223769
-0.223769
0.223769
0.223769
0.223769
0.223769
0.223769
0.223769
0.223769
0.223769
0.223769
0.223769
0.223769
-0.204550
-0.204550
-0.709355
-0.709355
-0.709355
-1.000000
-1.000000
-1.000000
-1.000000
-1.000000
-1.000000
-0.571681
-0.571681
-0.571681
-0.571681
-0.066876
-0.066876
-0.066876
-0.066876
-0.066876
-0.066876
0.162581
0.162581
0.162581
0.162581
0.162581
0.162581
0.162581
-0.342224
-0.342224
-0.342224
-0.342224
0.086095
0.086095
0.086095
0.086095
0.086095
-0.204550
-0.204550
-0.204550
-0.204550
0.300255
0.300255
-0.128064
-0.128064
-0.128064
-0.128064
-0.128064
-0.128064
-0.128064
-0.128064
-0.128064
-0.128064
-0.495195
-0.495195
-0.495195
-0.495195
-0.495195
-0.495195
-0.495195
-0.495195
-0.495195
-0.495195
-0.495195
-0.923514
-0.923514
-0.418710
-0.418710
-0.418710
-0.709355
-0.709355
-0.709355
-0.709355
-0.709355
-0.709355
-0.281036
-0.281036
-0.281036
-0.281036
-0.785840
-0.785840
-0.785840
-0.785840
-0.785840
-0.785840
-0.556383
-0.556383
-0.556383
-0.556383
-0.556383
-0.556383
-0.556383
-0.051579
-0.051579
-0.051579
-0.051579
0.376740
0.376740
0.376740
0.376740
0.376740
0.086095
0.086095
0.086095
0.086095
-0.418709
-0.418709
-0.847028
-0.847028
-0.847028
-0.847028
-0.847028
-0.847028
-0.847028
-0.847028
-0.847028
-0.847028
