0.001342
0.054673
0.054673
0.054673
0.054673
0.054673
0.054673
0.054673
0.054673
0.054673
0.410046
0.154906
0.154906
-0.145794
-0.145794
-0.145794
0.225468
0.225468
0.225468
-0.129906
-0.129906
-0.129906
0.125234
0.125234
0.125234
0.125234
0.425934
0.425934
0.781308
0.781308
0.781308
0.781308
0.373598
0.373598
0.373598
0.373598
0.373598
0.018224
0.018224
-0.282476
-0.282476
-0.282476
-0.282476
-0.027336
-0.027336
-0.027336
0.328037
0.328037
0.699299
0.699299
0.699299
0.699299
1.000000
1.000000
0.744860
0.389486
0.389486
0.389486
0.389486
0.389486
0.389486
0.389486
0.389486
0.389486
-0.373598
-0.018224
-0.018224
-0.018224
-0.018224
-0.018224
-0.018224
-0.018224
-0.018224
-0.018224
-0.373598
-0.628738
-0.628738
-0.328037
-0.328037
-0.328037
0.043224
0.043224
0.043224
0.398598
0.398598
0.398598
0.653738
0.653738
0.653738
0.653738
0.353038
0.353038
-0.002336
-0.002336
-0.002336
-0.002336
-0.410046
-0.410046
-0.410046
-0.410046
-0.410046
-0.054673
-0.054673
0.246028
0.246028
0.246028
0.246028
0.501168
0.501168
0.501168
0.145794
0.145794
0.517056
0.517056
0.517056
0.517056
0.216355
0.216355
-0.038785
0.316589
0.316589
0.316589
0.316589
0.316589
0.316589
0.316589
0.316589
0.316589
0.038785
-0.316589
-0.316589
-0.316589
-0.316589
-0.316589
-0.316589
-0.316589
-0.316589
-0.316589
0.038785
-0.216355
-0.216355
-0.517056
-0.517056
-0.517056
-0.145794
-0.145794
-0.145794
-0.501168
-0.501168
-0.501168
-0.246028
-0.246028
-0.246028
-0.246028
0.054673
0.054673
0.410046
0.410046
0.410046
0.410046
0.002336
0.002336
0.002336
0.002336
0.002336
-0.353038
-0.353038
-0.653738
-0.653738
-0.653738
-0.653738
-0.398598
-0.398598
-0.398598
-0.043224
-0.043224
0.328037
0.328037
0.328037
0.328037
0.628738
0.628738
0.373598
0.018224
0.018224
0.018224
0.018224
0.018224
0.018224
0.018224
0.018224
0.018224
-0.389486
-0.389486
-0.389486
-0.389486
-0.389486
-0.389486
-0.389486
-0.389486
-0.389486
-0.389486
-0.744860
-1.000000
-1.000000
-0.699299
-0.699299
-0.699299
-0.328037
-0.328037
-0.328037
0.027336
0.027336
0.027336
0.282476
0.282476
0.282476
0.282476
-0.018224
-0.018224
-0.373598
-0.373598
-0.373598
-0.373598
-0.781308
-0.781308
-0.781308
-0.781308
-0.781308
-0.425934
-0.425934
-0.125234
-0.125234
-0.125234
-0.125234
0.129906
0.129906
0.129906
-0.225468
-0.225468
0.145794
0.145794
0.145794
0.145794
-0.154906
-0.154906
-0.410046
-0.054673
-0.054673
-0.054673
-0.054673
-0.054673
-0.054673
-0.054673
-0.054673
-0.054673
