0.001447
0.058971
0.058971
0.058971
0.058971
0.058971
0.058971
0.058971
0.459425
0.459425
0.125252
0.370968
0.370968
0.046623
0.046623
0.046623
-0.602066
-0.602066
-0.602066
-0.267893
-0.267893
-0.267893
-0.513609
-0.513609
-0.113155
-0.113155
0.211190
0.211190
-0.122984
-0.122984
-0.122984
-0.122984
0.206401
0.206401
0.206401
0.206401
0.206401
0.540574
0.540574
0.216230
0.616684
0.616684
0.616684
0.370968
0.370968
0.370968
0.036795
0.036795
-0.611895
-0.611895
-0.611895
-0.611895
-0.287550
-0.287550
-0.041834
0.292339
0.692793
0.692793
0.692793
0.692793
0.692793
0.692793
0.692793
0.692793
-0.665827
-1.000000
-1.000000
-1.000000
-1.000000
-1.000000
-1.000000
-1.000000
-0.599546
-0.599546
-0.265373
-0.019657
-0.019657
0.304687
0.304687
0.304687
-0.344002
-0.344002
-0.344002
-0.678175
-0.678175
-0.678175
-0.923891
-0.923891
-0.523437
-0.523437
-0.847782
-0.847782
-0.513609
-0.513609
-0.513609
-0.513609
-0.184224
-0.184224
-0.184224
-0.184224
-0.184224
-0.518397
-0.518397
-0.194052
0.206401
0.206401
0.206401
-0.039315
-0.039315
-0.039315
0.294859
0.294859
-0.353831
-0.353831
-0.353831
-0.353831
-0.678175
-0.678175
-0.432459
-0.766632
-0.366179
-0.366179
-0.366179
-0.366179
-0.366179
-0.366179
-0.366179
-0.366179
0.032006
0.366179
0.366179
0.366179
0.366179
0.366179
0.366179
0.366179
0.766632
0.766632
0.432459
0.678175
0.678175
0.353831
0.353831
0.353831
-0.294859
-0.294859
-0.294859
0.039315
0.039315
0.039315
-0.206401
-0.206401
0.194052
0.194052
0.518397
0.518397
0.184224
0.184224
0.184224
0.184224
0.513609
0.513609
0.513609
0.513609
0.513609
0.847782
0.847782
0.523437
0.923891
0.923891
0.923891
0.678175
0.678175
0.678175
0.344002
0.344002
-0.304687
-0.304687
-0.304687
-0.304687
0.019657
0.019657
0.265373
0.599546
1.000000
1.000000
1.000000
1.000000
1.000000
1.000000
1.000000
1.000000
-0.692793
-0.692793
-0.692793
-0.692793
-0.692793
-0.692793
-0.692793
-0.692793
-0.292339
-0.292339
0.041834
0.287550
0.287550
0.611895
0.611895
0.611895
-0.036795
-0.036795
-0.036795
-0.370968
-0.370968
-0.370968
-0.616684
-0.616684
-0.216230
-0.216230
-0.540574
-0.540574
-0.206401
-0.206401
-0.206401
-0.206401
0.122984
0.122984
0.122984
0.122984
0.122984
-0.211190
-0.211190
0.113155
0.513609
0.513609
0.513609
0.267893
0.267893
0.267893
0.602066
0.602066
-0.046623
-0.046623
-0.046623
-0.046623
-0.370968
-0.370968
-0.125252
-0.459425
-0.058971
-0.058971
-0.058971
-0.058971
-0.058971
-0.058971
-0.058971
-0.058971
