-0.005586
-0.227609
-0.227609
-0.227609
-0.227609
-0.227609
-0.227609
-0.227609
0.242092
0.242092
-0.149867
0.138339
0.138339
-0.242092
-0.242092
-0.242092
-0.711794
-0.711794
-0.711794
-0.319835
-0.319835
-0.319835
-0.608041
-0.608041
-0.138339
-0.138339
0.242092
0.242092
-0.149867
-0.149867
-0.149867
-0.149867
-0.331363
-0.331363
-0.331363
-0.331363
-0.331363
0.060597
0.060597
-0.319835
0.149867
0.149867
0.149867
-0.138339
-0.138339
-0.138339
-0.530298
-0.530298
-1.000000
-1.000000
-1.000000
-1.000000
-0.619569
-0.619569
-0.331363
0.060597
0.530298
0.530298
0.530298
0.530298
0.530298
0.530298
0.530298
0.530298
-0.608041
-1.000000
-1.000000
-1.000000
-1.000000
-1.000000
-1.000000
-1.000000
-0.530298
-0.530298
-0.138339
0.149867
0.149867
0.530298
0.530298
0.530298
0.060597
0.060597
0.060597
-0.331363
-0.331363
-0.331363
-0.619569
-0.619569
-0.149867
-0.149867
-0.530298
-0.530298
-0.138339
-0.138339
-0.138339
-0.138339
-0.319835
-0.319835
-0.319835
-0.319835
-0.319835
-0.711794
-0.711794
-0.331363
0.138339
0.138339
0.138339
-0.149867
-0.149867
-0.149867
0.242092
0.242092
-0.227609
-0.227609
-0.227609
-0.227609
-0.608041
-0.608041
-0.319835
-0.711794
-0.242092
-0.242092
-0.242092
-0.242092
-0.242092
-0.242092
-0.242092
-0.242092
-0.149867
0.242092
0.242092
0.242092
0.242092
0.242092
0.242092
0.242092
0.711794
0.711794
0.319835
0.608041
0.608041
0.227609
0.227609
0.227609
-0.242092
-0.242092
-0.242092
0.149867
0.149867
0.149867
-0.138339
-0.138339
0.331363
0.331363
0.711794
0.711794
0.319835
0.319835
0.319835
0.319835
0.138339
0.138339
0.138339
0.138339
0.138339
0.530298
0.530298
0.149867
0.619569
0.619569
0.619569
0.331363
0.331363
0.331363
-0.060597
-0.060597
-0.530298
-0.530298
-0.530298
-0.530298
-0.149867
-0.149867
0.138339
0.530298
1.000000
1.000000
1.000000
1.000000
1.000000
1.000000
1.000000
1.000000
-0.530298
-0.530298
-0.530298
-0.530298
-0.530298
-0.530298
-0.530298
-0.530298
-0.060597
-0.060597
0.331363
0.619569
0.619569
1.000000
1.000000
1.000000
0.530298
0.530298
0.530298
0.138339
0.138339
0.138339
-0.149867
-0.149867
0.319835
0.319835
-0.060597
-0.060597
0.331363
0.331363
0.331363
0.331363
0.149867
0.149867
0.149867
0.149867
0.149867
-0.242092
-0.242092
0.138339
0.608041
0.608041
0.608041
0.319835
0.319835
0.319835
0.711794
0.711794
0.242092
0.242092
0.242092
0.242092
-0.138339
-0.138339
0.149867
-0.242092
0.227609
0.227609
0.227609
0.227609
0.227609
0.227609
0.227609
0.227609
