0.021040
0.857342
0.857342
0.857342
0.857342
0.857342
0.857342
0.857342
1.000000
1.000000
0.691915
0.918448
0.918448
0.619424
0.619424
0.619424
0.476766
0.476766
0.476766
0.784852
0.784852
0.784852
0.189126
0.189126
0.331784
0.331784
0.630808
0.630808
0.322723
0.322723
0.322723
0.322723
0.037407
0.037407
0.037407
0.037407
0.037407
0.345492
0.345492
0.046468
0.189126
0.189126
0.189126
0.331784
0.331784
0.331784
0.023699
0.023699
-0.118959
-0.118959
-0.118959
-0.118959
0.180065
0.180065
0.406599
0.714684
0.857342
0.857342
0.857342
0.857342
0.857342
0.857342
0.857342
0.857342
-0.180065
-0.488150
-0.488150
-0.488150
-0.488150
-0.488150
-0.488150
-0.488150
-0.345492
-0.345492
-0.037407
0.189126
0.189126
0.488150
0.488150
0.488150
0.345492
0.345492
0.345492
0.037407
0.037407
0.037407
0.180065
0.180065
0.322723
0.322723
0.023699
0.023699
0.331784
0.331784
0.331784
0.331784
0.046468
0.046468
0.046468
0.046468
0.046468
-0.261617
-0.261617
0.037407
0.180065
0.180065
0.180065
-0.415660
-0.415660
-0.415660
-0.107575
-0.107575
-0.250233
-0.250233
-0.250233
-0.250233
-0.549257
-0.549257
-0.322723
-0.630808
-0.488150
-0.488150
-0.488150
-0.488150
-0.488150
-0.488150
-0.488150
-0.488150
0.180065
0.488150
0.488150
0.488150
0.488150
0.488150
0.488150
0.488150
0.630808
0.630808
0.322723
0.549257
0.549257
0.250233
0.250233
0.250233
0.107575
0.107575
0.107575
0.415660
0.415660
0.415660
-0.180065
-0.180065
-0.037407
-0.037407
0.261617
0.261617
-0.046468
-0.046468
-0.046468
-0.046468
-0.331784
-0.331784
-0.331784
-0.331784
-0.331784
-0.023699
-0.023699
-0.322723
-0.180065
-0.180065
-0.180065
-0.037407
-0.037407
-0.037407
-0.345492
-0.345492
-0.488150
-0.488150
-0.488150
-0.488150
-0.189126
-0.189126
0.037407
0.345492
0.488150
0.488150
0.488150
0.488150
0.488150
0.488150
0.488150
0.488150
-0.857342
-0.857342
-0.857342
-0.857342
-0.857342
-0.857342
-0.857342
-0.857342
-0.714684
-0.714684
-0.406599
-0.180065
-0.180065
0.118959
0.118959
0.118959
-0.023699
-0.023699
-0.023699
-0.331784
-0.331784
-0.331784
-0.189126
-0.189126
-0.046468
-0.046468
-0.345492
-0.345492
-0.037407
-0.037407
-0.037407
-0.037407
-0.322723
-0.322723
-0.322723
-0.322723
-0.322723
-0.630808
-0.630808
-0.331784
-0.189126
-0.189126
-0.189126
-0.784852
-0.784852
-0.784852
-0.476766
-0.476766
-0.619424
-0.619424
-0.619424
-0.619424
-0.918448
-0.918448
-0.691915
-1.000000
-0.857342
-0.857342
-0.857342
-0.857342
-0.857342
-0.857342
-0.857342
-0.857342
