0.031946
1.000000
0.999819
0.999624
0.999411
0.999175
0.998912
0.998618
0.998286
0.997914
0.997497
0.997030
0.996509
0.995930
0.995287
0.994578
0.993798
0.992942
0.992006
0.990987
0.989880
0.988682
0.987386
0.985993
0.984494
0.982890
0.981174
0.979344
0.977395
0.975325
0.973129
0.970806
0.968350
0.965760
0.963032
0.960163
0.957149
0.953990
0.950680
0.947218
0.943601
0.939828
0.935893
0.931798
0.927537
0.923111
0.918516
0.913752
0.908814
0.903704
0.898417
0.892954
0.887313
0.881493
0.875491
0.869308
0.862942
0.856394
0.849660
0.842742
0.835638
0.828349
0.820873
0.813212
0.805364
0.797331
0.789110
0.780706
0.772114
0.763339
0.754378
0.745235
0.735909
0.726401
0.716713
0.706845
0.696798
0.686576
0.676177
0.665606
0.654861
0.643947
0.632864
0.621615
0.610202
0.598627
0.586891
0.574999
0.562952
0.550753
0.538403
0.525907
0.513267
0.500487
0.487567
0.474514
0.461328
0.448015
0.434575
0.421015
0.407336
0.393543
0.379639
0.365628
0.351512
0.337298
0.322987
0.308586
0.294095
0.279522
0.264869
0.250140
0.235340
0.220474
0.205544
0.190556
0.175513
0.160422
0.145284
0.130107
0.114892
0.099646
0.084373
0.069077
0.053762
0.038434
0.023096
0.007755
-0.007587
-0.022925
-0.038253
-0.053568
-0.068863
-0.084137
-0.099383
-0.114598
-0.129775
-0.144913
-0.160004
-0.175047
-0.190034
-0.204965
-0.219831
-0.234631
-0.249360
-0.264013
-0.278587
-0.293077
-0.307478
-0.321789
-0.336003
-0.350118
-0.364129
-0.378034
-0.391827
-0.405506
-0.419066
-0.432506
-0.445819
-0.459005
-0.472058
-0.484978
-0.497758
-0.510398
-0.522894
-0.535243
-0.547442
-0.559490
-0.571382
-0.583118
-0.594692
-0.606106
-0.617355
-0.628438
-0.639352
-0.650097
-0.660668
-0.671067
-0.681289
-0.691336
-0.701203
-0.710892
-0.720400
-0.729726
-0.738869
-0.747830
-0.756605
-0.765196
-0.773601
-0.781822
-0.789855
-0.797703
-0.805364
-0.812840
-0.820129
-0.827233
-0.834151
-0.840885
-0.847433
-0.853799
-0.859982
-0.865984
-0.871804
-0.877445
-0.882908
-0.888195
-0.893305
-0.898242
-0.903007
-0.907602
-0.912028
-0.916289
-0.920384
-0.924318
-0.928092
-0.931709
-0.935171
-0.938481
-0.941640
-0.944654
-0.947523
-0.950251
-0.952841
-0.955297
-0.957620
-0.959816
-0.961886
-0.963834
-0.965664
-0.967381
-0.968985
-0.970483
-0.971877
-0.973172
-0.974371
-0.975478
-0.976497
-0.977433
-0.978288
-0.979069
-0.979778
-0.980421
-0.981000
-0.981521
-0.981987
-0.982405
-0.982777
-0.983108
-0.983403
-0.983666
-0.983902
-0.984115
-0.984309
-0.984491
-0.984662
-0.984830
