0.033045
0.746985
0.766458
0.785446
0.803791
0.821340
0.837946
0.853465
0.867764
0.880714
0.892195
0.902099
0.910324
0.916781
0.921391
0.924087
0.924813
0.923527
0.920196
0.914804
0.907342
0.897820
0.886256
0.872680
0.857138
0.839683
0.820383
0.799314
0.776565
0.752230
0.726417
0.699240
0.670818
0.641280
0.610760
0.579393
0.547323
0.514692
0.481647
0.448333
0.414897
0.381483
0.348234
0.315288
0.282780
0.250839
0.219590
0.189149
0.159623
0.131116
0.103716
0.077506
-0.011041
-0.034668
-0.056922
-0.077768
-0.097176
-0.115134
-0.131639
-0.146700
-0.160339
-0.172587
-0.183488
-0.193100
0.407308
0.400068
0.393891
0.388681
0.384333
0.380739
0.377778
0.375327
0.373257
0.371434
0.608796
0.607055
0.605145
0.602924
0.600253
0.596992
0.593006
0.588163
0.582334
0.575397
0.567235
0.557742
0.546814
0.534361
0.520299
0.504557
0.487071
0.467794
0.446684
0.423715
0.398872
0.372154
0.343569
0.313141
0.280906
0.246911
0.211217
0.173895
0.135028
0.031114
-0.010546
-0.053433
-0.097425
-0.142386
-0.188177
-0.234647
-0.281642
-0.329002
-0.376562
-0.424154
-0.471607
-0.518748
-0.565408
-0.611412
-0.656589
-0.700773
-0.743801
-0.785511
-0.825750
-0.864371
-0.901234
-0.936207
-0.969166
-1.000000
-0.419810
-0.446096
-0.469982
-0.491401
-0.510298
-0.526630
-0.540369
-0.551498
-0.560017
-0.565935
-0.569279
-0.570088
-0.568411
-0.564316
-0.557876
-0.549185
-0.538342
-0.525461
-0.510663
-0.255010
-0.236791
-0.217082
-0.196045
-0.173841
-0.150647
-0.126636
-0.165590
-0.140494
-0.115134
-0.089698
-0.064375
-0.039352
-0.014815
0.009053
0.032071
0.054063
0.074860
0.094295
0.112213
0.128460
0.142898
0.155391
0.165817
0.486071
0.492033
0.495620
0.496753
0.495362
0.491391
0.484796
0.475544
0.463616
0.449005
0.431716
0.411767
0.389186
0.364015
0.336306
0.306123
0.273540
0.238643
0.201527
0.162294
0.121059
0.686736
0.641864
0.595374
0.547406
0.498108
0.447633
0.396134
0.343773
0.290709
0.237109
0.183136
0.128955
0.074733
-0.042967
-0.096784
-0.150156
-0.202926
-0.254940
-0.306049
-0.356107
-0.404975
-0.452519
-0.498611
-0.543130
-0.585961
-0.626997
-0.666140
-0.703298
-0.499315
-0.532262
-0.563001
-0.591474
-0.617632
-0.641437
-0.662857
-0.681871
-0.698466
-0.712639
-0.724394
-0.733746
-0.740715
-0.745334
-0.747640
-0.747681
-0.745509
-0.741188
-0.734787
-0.726381
-0.716053
-0.703892
-0.689992
-0.674453
-0.657381
-0.638888
-0.619086
-0.598096
-0.576039
-0.553042
-0.529235
-0.504747
-0.479714
-0.454269
-0.428548
-0.402690
