0.031083
0.784758
0.820114
0.853689
0.884925
0.913301
0.938333
0.959585
0.976673
0.989270
0.997112
1.000000
0.997802
0.990458
0.977975
0.960432
0.937974
0.910815
0.879225
0.843539
0.804138
0.761456
0.715963
0.668162
0.618583
0.567776
0.516296
0.464702
0.413546
0.363364
0.314671
0.267952
0.223653
0.182178
0.143883
0.109071
0.077983
0.050804
0.027653
0.008586
-0.006405
-0.017395
-0.024517
-0.027965
-0.027990
-0.024893
-0.019022
-0.010765
-0.000545
0.011189
0.023967
0.037308
0.401028
0.414041
0.426177
0.436985
0.446036
0.452937
0.457333
0.458914
0.457417
0.452637
0.444421
0.432680
0.417381
0.398557
0.376297
0.350754
0.322133
0.290697
0.256756
0.220664
0.182817
0.143641
0.103588
0.063129
0.022748
-0.017070
-0.055844
-0.093104
-0.128401
-0.161312
-0.191449
-0.218464
-0.242056
-0.261974
0.054421
0.042373
0.034399
0.030510
0.030649
0.034697
0.042469
0.053724
0.068158
0.085417
0.105097
0.126750
0.149891
0.174007
0.198561
0.223001
0.246768
0.619609
0.640370
0.658823
0.674466
0.686826
0.695472
0.700022
0.700141
0.695559
0.686061
0.671505
0.651809
0.626967
0.597038
0.562157
0.522519
0.478391
0.430099
0.378027
0.322611
0.264335
0.203720
0.141323
0.077724
0.013520
-0.050685
-0.114284
-0.176680
-0.237295
-0.295571
-0.350987
-0.403059
-0.451352
-0.495479
-0.535116
-0.569998
-0.599926
-0.624768
-0.644465
-0.659021
-0.668518
-0.673101
-0.672981
-0.668432
-0.659786
-0.647425
-0.631783
-0.613330
-0.592569
-0.570031
-0.546263
-0.171521
-0.146967
-0.122850
-0.099709
-0.078056
-0.058377
-0.041118
-0.026684
-0.015429
-0.007657
-0.003609
-0.003470
-0.007359
-0.015332
-0.027380
-0.043431
-0.063349
0.245504
0.218489
0.188351
0.155440
0.120143
0.082884
0.044110
0.004292
-0.036090
-0.076548
-0.116601
-0.155778
-0.193624
-0.229715
-0.263657
-0.295093
-0.323714
-0.349257
-0.371517
-0.390341
-0.405640
-0.417381
-0.425597
-0.430377
-0.431874
-0.430293
-0.425897
-0.418996
-0.409944
-0.399137
-0.387001
-0.373988
-0.360569
-0.347229
0.015851
0.027585
0.037805
0.046062
0.051933
0.055030
0.055005
0.051557
0.044435
0.033445
0.018453
-0.000613
-0.023764
-0.050943
-0.082031
-0.116844
-0.155138
-0.196613
-0.240912
-0.287631
-0.336324
-0.386505
-0.437662
-0.489256
-0.540736
-0.591544
-0.641122
-0.688923
-0.734417
-0.777099
-0.816499
-0.852186
-0.883775
-0.910934
-0.933392
-0.950935
-0.963418
-0.970762
-0.972960
-0.970071
-0.962230
-0.949633
-0.932545
-0.911292
-0.886260
-0.857884
-0.826648
-0.793074
-0.757718
-0.721158
-0.683994
