0.029074
0.596891
0.648530
0.698435
0.746056
0.790869
0.832381
0.870131
0.903702
0.932721
0.956860
0.975849
0.989466
0.997552
1.000000
0.996767
0.987865
0.973367
0.953404
0.928159
0.897871
0.862828
0.823365
0.779858
0.732722
0.682406
0.629385
0.574158
0.517240
0.459156
0.400439
0.341620
0.283223
0.225761
0.169728
0.115599
0.063817
0.014799
-0.031079
-0.073477
-0.112098
-0.146690
-0.177047
-0.203013
-0.224478
-0.241385
-0.253723
-0.261529
-0.264890
-0.263936
-0.258837
-0.249809
-0.126281
-0.110172
-0.090975
-0.069028
-0.044689
-0.018333
0.009651
0.038871
0.068925
0.099417
0.129956
0.160157
0.189653
0.218090
0.245135
0.270481
0.293843
0.314969
0.333630
0.349637
0.362828
0.373075
0.380286
0.384400
0.385392
0.383266
0.378060
0.369840
0.358701
0.344763
0.328170
0.309088
0.287702
0.264212
0.511001
0.483958
0.455483
0.425816
0.395198
0.363871
0.332073
0.300040
0.268000
0.236174
0.204770
0.173984
0.144002
0.114993
0.087112
0.060496
0.035268
0.122348
0.100190
0.079682
0.060878
0.043814
0.028511
0.014976
0.003197
-0.006847
-0.015195
-0.021894
-0.027007
-0.030604
-0.032768
-0.033587
-0.033161
-0.031595
-0.029000
-0.025493
-0.021197
-0.016236
-0.010741
-0.004842
0.001327
0.007632
0.013936
0.020105
0.026004
0.031500
0.036460
0.040756
0.044263
0.046858
0.048424
0.048851
0.048031
0.045868
0.042270
0.037157
0.030458
0.022111
0.012066
0.000288
-0.013248
-0.028551
-0.045614
-0.064419
-0.084927
-0.107084
-0.130821
-0.156050
-0.071848
-0.099730
-0.128739
-0.158721
-0.189506
-0.220911
-0.252737
-0.284777
-0.316809
-0.348607
-0.379934
-0.410553
-0.440220
-0.468695
-0.495738
-0.521117
-0.544607
-0.293825
-0.312907
-0.329500
-0.343438
-0.354577
-0.362797
-0.368003
-0.370128
-0.369137
-0.365022
-0.357811
-0.347564
-0.334374
-0.318367
-0.299705
-0.278579
-0.255217
-0.229871
-0.202825
-0.174389
-0.144894
-0.114692
-0.084154
-0.053661
-0.023607
0.005613
0.033597
0.059953
0.084292
0.106239
0.125436
0.141545
0.154256
0.163284
0.279199
0.280154
0.276793
0.268986
0.256648
0.239742
0.218276
0.192310
0.161953
0.127361
0.088740
0.046342
0.000465
-0.048553
-0.100335
-0.154465
-0.210497
-0.267960
-0.326357
-0.385176
-0.443893
-0.501976
-0.558895
-0.614122
-0.667143
-0.717459
-0.764594
-0.808101
-0.847565
-0.882608
-0.912896
-0.938141
-0.958104
-0.972601
-0.981503
-0.984736
-0.982288
-0.974203
-0.960585
-0.941597
-0.917457
-0.888439
-0.854868
-0.817117
-0.775605
-0.730792
-0.683171
-0.633267
-0.581628
-0.528822
-0.475429
