0.018191
0.544895
0.568190
0.587420
0.601442
0.609291
0.610204
0.603652
0.589354
0.567289
0.537690
0.501047
0.458079
0.409717
0.357074
0.301403
0.244060
0.186463
0.130038
0.076185
0.026223
-0.018641
-0.057356
-0.089051
-0.113065
-0.128962
-0.136541
-0.135837
-0.127116
-0.110864
-0.087764
-0.058672
0.113830
0.151797
0.192466
0.234619
0.277043
0.318556
0.358050
0.394515
0.427062
0.454945
0.477572
0.984077
0.995067
1.000000
0.998916
0.991992
0.979522
0.961894
0.939571
0.913064
0.882909
0.849647
0.813802
0.775866
0.736281
0.695436
0.653656
0.611204
0.568284
0.525047
0.481600
0.438023
0.134224
0.090572
0.046993
0.003596
-0.039470
-0.081999
-0.123728
-0.164332
-0.203422
-0.240553
-0.275234
-0.306940
-0.335129
-0.359263
-0.378831
-0.393369
-0.402487
-0.405889
-0.403399
-0.394972
-0.380716
-0.360892
0.153633
0.183143
0.216458
0.252691
0.290832
0.329776
0.368345
0.405326
0.439503
0.469698
0.633222
0.652243
0.664324
0.668784
0.665141
0.653131
0.632721
0.604115
0.567753
0.524298
0.474623
0.419783
0.360987
0.299559
0.236899
0.174439
0.113598
0.055735
0.002108
-0.046168
-0.088159
-0.123141
-0.150625
-0.170369
-0.182395
-0.186980
-0.184649
-0.176160
-0.162478
-0.144741
-0.124222
-0.102288
0.149057
0.169576
0.187313
0.200995
0.209484
0.211814
0.207230
0.195204
0.175459
0.147976
0.112993
0.071002
0.022726
-0.030901
-0.088763
-0.149605
-0.212064
-0.274725
-0.336153
-0.394949
-0.449789
-0.499464
-0.542918
-0.579281
-0.607886
-0.628296
-0.640306
-0.643950
-0.639489
-0.627409
-0.608388
-0.583281
-0.414668
-0.380491
-0.343510
-0.304942
-0.265997
-0.227856
-0.191623
-0.158308
-0.128797
-0.103837
-0.084013
0.419807
0.428234
0.430724
0.427321
0.418203
0.403666
0.384098
0.359964
0.331774
0.300069
0.265388
0.228256
0.189166
0.148563
0.106833
0.064304
0.021238
-0.022159
-0.065738
-0.109389
-0.153036
-0.456766
-0.500213
-0.543450
-0.586371
-0.628822
-0.670601
-0.711446
-0.751031
-0.788968
-0.824813
-0.858074
-0.888230
-0.914737
-0.937060
-0.954687
-0.967158
-0.974081
-0.975165
-0.970233
-0.959242
-0.942300
-0.919673
-0.402227
-0.369680
-0.333215
-0.293722
-0.252208
-0.209785
-0.167631
-0.126962
-0.088994
-0.054911
0.112598
0.135698
0.151951
0.160672
0.161376
0.153797
0.137900
0.113886
0.082190
0.043476
-0.001388
-0.051350
-0.105204
-0.161628
-0.219226
-0.276568
-0.332239
-0.384883
-0.433245
-0.476213
-0.512856
-0.542454
-0.564520
-0.578817
-0.585369
-0.584456
-0.576607
-0.562585
-0.543356
-0.520061
-0.493977
-0.466476
