0.014999
0.787738
0.675463
0.565268
0.457784
0.353591
0.253203
0.157065
0.065540
-0.021097
-0.102664
-0.179070
-0.250325
-0.316532
-0.377886
-0.434669
-0.487247
-0.536057
-0.581601
0.108233
0.067514
0.028284
0.722564
0.684377
0.645751
0.606072
0.564758
0.521274
0.475138
0.425935
0.373320
0.317025
0.539972
0.475843
0.407727
0.335689
0.259874
0.913166
0.830522
0.744957
0.656871
0.566709
0.474943
0.739243
0.645763
0.552177
0.458969
0.366600
0.275491
0.186023
0.098521
0.013250
-0.069590
-0.149866
-0.227519
0.430106
0.357595
0.287467
0.219510
0.153454
0.088983
0.025738
-0.036673
-0.098660
0.549426
0.487015
0.423770
0.359299
0.293243
0.225286
0.155157
0.082647
0.007606
-0.070047
0.582343
0.499503
0.414232
0.326730
0.237262
0.146154
0.053784
-0.039424
-0.133010
-0.226490
-0.319364
-0.411130
-0.144118
-0.232204
-0.317769
-0.400413
-0.479787
-0.555602
0.105026
0.036911
-0.027219
-0.087379
0.139433
0.086818
0.037615
-0.008520
-0.052005
-0.093319
-0.132998
-0.171624
-0.209811
-0.248196
-0.287427
0.404521
0.361687
0.316144
1.000000
0.947422
0.890639
0.829285
0.763079
0.691824
0.615417
0.533851
0.447213
0.355688
0.259550
0.159163
0.054969
-0.052515
-0.162710
-0.274985
-0.388669
-0.503065
-0.197577
0.421404
0.309130
0.198934
0.091451
-0.012743
-0.113130
-0.209268
-0.300793
-0.387431
-0.468996
-0.545403
-0.616658
-0.682865
-0.744218
-0.801002
-0.853580
-0.902390
-0.947933
-0.258100
-0.298818
-0.338049
0.356232
0.318044
0.279419
0.239739
0.198426
0.154941
0.108806
0.059603
0.006988
-0.049307
0.173639
0.109510
0.041395
-0.030643
-0.106459
0.546834
0.464190
0.378624
0.290539
0.200376
0.108610
0.372911
0.279431
0.185844
0.092637
0.000267
-0.090841
-0.180309
-0.267812
-0.353083
-0.435922
-0.516199
-0.593852
0.063773
-0.008737
-0.078865
-0.146823
-0.212878
-0.277349
-0.340595
-0.403005
-0.464993
0.183093
0.120683
0.057437
-0.007034
-0.073089
-0.141047
-0.211175
-0.283686
-0.358727
-0.436380
0.216010
0.133170
0.047899
-0.039603
-0.129071
-0.220179
-0.312549
-0.405757
-0.499343
-0.592823
-0.685697
-0.777463
-0.510451
-0.598537
-0.684102
-0.766746
-0.846120
-0.921935
-0.261307
-0.329423
-0.393551
-0.453712
-0.226900
-0.279515
-0.328718
-0.374853
-0.418338
-0.459652
-0.499331
-0.537957
-0.576144
-0.614530
-0.653760
0.038187
-0.004645
-0.050189
0.633667
0.581089
0.524306
0.462952
0.396746
0.325491
0.249084
0.167518
0.080880
-0.010645
-0.106783
-0.207171
-0.311364
-0.418848
-0.529042
-0.641317
-0.755002
-0.869398
