0.022348
0.942501
0.834553
0.729084
0.626802
0.528326
0.434160
0.344684
0.260136
0.180613
0.106060
0.036280
-0.029069
-0.090455
-0.148467
-0.203789
-0.257189
-0.309487
0.338682
0.286016
0.932111
0.875726
0.816346
0.753328
0.686130
0.614338
0.537671
0.455992
0.369311
0.548359
0.452291
0.352116
0.248386
0.141763
0.032991
0.623100
0.512495
0.043396
-0.065618
-0.172595
0.423440
0.322721
0.226037
0.133843
0.046457
-0.035940
-0.113319
-0.185793
-0.253624
-0.317210
-0.377072
-0.433842
0.280723
0.227899
0.175811
0.123601
0.070410
0.285981
0.228398
0.167532
0.803002
0.733880
0.660024
0.581218
0.497385
0.408602
0.315085
0.217197
0.115424
0.710589
0.602950
0.493502
0.383073
0.272521
-0.196157
-0.304395
-0.410265
-0.513042
-0.612095
-0.006682
-0.096846
-0.182107
-0.262348
-0.337602
-0.408047
-0.474003
0.516395
0.457941
0.402279
0.348654
0.296251
0.244216
0.191690
0.137823
0.081807
0.022897
-0.039566
-0.106138
-0.177253
0.447009
0.366049
0.280077
0.189230
0.862753
0.763133
0.659873
0.553620
0.445106
0.335135
0.224547
-0.244657
-0.353897
-0.461213
-0.565841
-0.396523
-0.493813
-0.586672
-0.674759
-0.757874
-0.135744
0.491315
0.422841
0.358678
0.298321
0.241152
0.186459
0.133460
0.081320
0.029181
-0.023820
-0.078511
-0.135681
-0.196038
-0.260201
-0.328674
-0.401837
-0.479928
0.137177
0.749313
0.656453
0.559163
0.457910
0.353283
0.516537
0.407297
0.296956
0.186369
-0.282466
-0.390979
-0.497234
-0.600493
-0.700114
-0.795555
-0.886402
-0.203409
-0.284369
-0.360327
-0.431443
0.202207
0.139743
0.080834
0.024818
-0.029049
-0.081576
-0.133610
-0.186014
-0.239639
-0.295300
-0.353754
-0.415673
-0.481628
0.500243
0.424989
0.344747
0.259487
0.169322
0.074515
-0.024539
0.572905
0.467036
0.358798
0.248983
0.138431
-0.330861
-0.440309
-0.547949
-0.653004
-0.754778
-0.152445
-0.245961
-0.334745
-0.418578
-0.497384
-0.571239
-0.640362
-0.705113
-0.765978
-0.123341
-0.178340
-0.231531
-0.013170
-0.065258
-0.118082
-0.172483
-0.229253
0.479850
0.416265
0.348433
0.275959
0.198581
0.116183
0.028798
-0.063397
-0.160080
-0.260800
-0.364986
-0.471963
0.119244
0.009009
-0.101597
-0.570572
-0.679344
-0.085746
-0.189476
-0.289651
-0.385718
-0.477242
-0.563923
-0.375030
-0.451698
-0.523489
-0.590687
-0.653706
-0.713086
-0.769470
-0.823597
-0.876263
-0.228094
-0.280392
0.366429
0.311107
0.253095
0.191709
0.126361
0.056581
-0.017973
-0.097496
-0.182044
-0.271520
-0.365686
-0.464162
-0.566444
-0.671913
-0.779861
-0.889500
-1.000000
