0.028941
0.994059
1.000000
0.999826
0.992147
0.976062
0.951188
0.917666
0.876104
0.827504
0.773145
0.714467
0.652931
0.589915
0.526600
0.463916
0.402493
0.342673
0.284540
0.227988
0.276169
0.222125
0.169072
0.117019
0.066182
0.017016
-0.029806
-0.073424
-0.112876
0.176492
0.148175
0.126508
0.111818
0.104035
0.102636
0.106641
0.114635
0.554157
0.564555
0.572990
0.680698
0.678994
0.669603
0.651318
0.623441
0.585835
0.538917
0.483614
0.421281
0.353585
0.282370
0.209520
0.219056
0.148065
0.080043
0.015885
-0.043894
0.224548
0.173695
0.126864
0.186926
0.146634
0.108905
0.073438
0.040127
0.009079
-0.019407
-0.044881
-0.066828
-0.084752
-0.098288
-0.107286
-0.111906
-0.112662
0.318862
0.322788
0.326860
0.329297
0.328215
0.425136
0.411661
0.389802
0.358630
0.317729
0.267237
0.207850
0.561989
0.488869
0.411657
0.332480
0.253491
0.176719
0.103937
0.036558
-0.024437
-0.078525
-0.125636
-0.166096
-0.200557
-0.126516
-0.151676
-0.173633
-0.193244
-0.128945
-0.145670
-0.161395
-0.176129
-0.189722
-0.201948
-0.212592
0.207760
0.200406
0.194312
0.188849
0.506773
0.499530
0.489431
0.475012
0.454834
0.530984
0.495729
0.451825
0.399133
0.338034
0.269430
0.194711
0.115668
0.034389
-0.046891
-0.125933
-0.200652
-0.269256
-0.330355
-0.383047
-0.426951
-0.462206
-0.489422
-0.509600
-0.420653
-0.430752
-0.437995
-0.443756
-0.449219
-0.131628
-0.138982
-0.147940
-0.158585
0.258500
0.244907
0.230173
0.214449
0.197724
0.179783
0.160171
0.220454
0.195294
0.165969
0.131508
0.194414
0.147303
0.093215
0.032220
-0.035159
-0.107941
-0.184713
-0.263702
-0.342879
-0.420092
-0.493211
-0.560285
-0.619672
-0.248951
-0.289852
-0.321024
-0.342883
-0.356358
-0.362803
-0.363884
-0.258082
-0.254010
-0.250084
-0.247871
-0.248626
0.176064
0.167066
0.153531
0.135606
0.113659
0.088185
0.059699
0.028651
-0.004660
-0.040127
-0.077856
-0.118149
-0.161452
-0.208283
-0.155770
-0.211013
-0.270792
-0.011265
-0.079288
-0.150279
-0.222982
-0.295831
-0.284807
-0.352503
-0.414836
-0.470139
-0.517058
-0.554663
-0.582540
-0.600825
-0.610216
-0.611919
-0.607578
-0.599142
-0.485379
-0.475167
-0.467173
-0.033858
-0.035257
-0.043039
-0.057730
-0.079397
-0.107714
-0.142031
-0.181484
0.098584
0.051762
0.002596
-0.048241
-0.100294
-0.153347
-0.207391
-0.262576
-0.319128
-0.273895
-0.333714
-0.395138
-0.457822
-0.521136
-0.584153
-0.645689
-0.704368
-0.758726
-0.807326
-0.848888
-0.882410
-0.907284
-0.923369
-0.931048
-0.931222
-0.925280
-0.915016
-0.902514
