0.028602
1.000000
0.988557
0.976941
0.965097
0.952971
0.940509
0.927661
0.914380
0.900620
0.886339
0.871499
0.856062
0.840000
0.823281
0.805885
0.787790
0.768981
0.749446
0.729180
0.708178
0.686443
0.663980
0.640799
0.616913
0.592341
0.567102
0.541221
0.514725
0.487646
0.460016
0.431870
0.403246
0.374184
0.344724
0.314908
0.284779
0.254381
0.223757
0.192951
0.162007
0.130967
0.099874
0.068767
0.037687
0.006672
-0.024242
-0.055021
-0.085633
-0.116047
-0.146236
-0.176175
0.405060
0.375688
0.346628
0.317894
0.289501
0.261458
0.233773
0.206454
0.179502
0.152922
0.126712
0.100871
0.150779
0.125665
0.100906
0.076497
0.052428
0.028693
0.005281
-0.017816
-0.040608
-0.063104
-0.085314
-0.107245
-0.128908
-0.150310
-0.171460
-0.192364
-0.213028
-0.233460
-0.253663
-0.273643
-0.293403
-0.312946
-0.096219
-0.115337
-0.134244
-0.152942
-0.171433
-0.189717
-0.207796
-0.225670
-0.243342
-0.260813
-0.278086
-0.295165
-0.312053
-0.328756
-0.345281
-0.361635
-0.377827
0.553028
0.537126
0.521350
0.505683
0.490109
0.474607
0.459160
0.443742
0.428332
0.412901
0.397425
0.381874
0.366219
0.350427
0.334470
0.318311
0.301920
0.285262
0.268304
0.251012
0.233355
0.215297
0.196809
0.177859
0.158420
0.273821
0.253321
0.232257
0.210605
0.188349
0.165473
0.141966
0.117817
0.093023
0.067581
0.041494
0.014765
-0.012594
-0.040572
-0.069151
-0.098310
-0.128024
-0.158267
-0.189005
-0.220203
-0.251824
-0.283825
-0.316163
-0.348791
-0.381658
-0.414715
0.162992
0.129716
0.096414
0.063141
0.029954
-0.003091
-0.035939
-0.068533
-0.100820
-0.132747
-0.164263
-0.195319
-0.225870
-0.255871
-0.285283
-0.314068
-0.342193
-0.062446
-0.089166
-0.115148
-0.140377
-0.164837
-0.188523
-0.211428
-0.233555
-0.254907
-0.275495
-0.295332
-0.314436
-0.332830
-0.350538
-0.367592
-0.384023
-0.399869
-0.415168
-0.429963
-0.444298
-0.458219
-0.396391
-0.409630
-0.422603
-0.435361
-0.447955
-0.460439
-0.472861
-0.485273
-0.497725
-0.510264
-0.522939
-0.535793
-0.548869
0.384687
0.371047
0.357070
0.342723
0.327978
0.312807
0.297187
0.281099
0.264524
0.247449
0.229864
0.211761
0.193136
0.173987
0.154316
0.134126
0.113425
0.092222
0.070527
0.048354
0.025718
0.002637
-0.020874
-0.044793
-0.069101
-0.093777
-0.118801
-0.144149
-0.169800
-0.195733
-0.221927
-0.248360
-0.275011
-0.301861
-0.328892
-0.356084
-0.383422
-0.410887
-0.438466
-0.466145
-0.493910
-0.521750
-0.549655
-0.577613
-0.605617
-0.633657
-0.661728
-0.689821
-0.717931
-0.746052
-0.774179
