0.679688
0.687500
0.695313
0.703125
0.710938
0.000000
-0.855027
-0.841522
-0.854603
-0.841880
-0.854277
-0.842207
-0.853983
-0.842468
-0.853722
-0.842696
-0.853526
-0.842924
-0.853331
-0.843087
-0.853168
-0.843250
-0.853005
-0.843381
-0.852874
-0.843479
-0.852776
-0.843609
-0.852678
-0.843675
-0.852613
-0.843740
-0.852548
0.853168
0.843250
0.853005
0.843381
-0.789063
-0.781250
-0.773438
-0.765625
-0.757813
-0.750000
-0.742188
-0.734375
-0.726563
-0.718750
-0.710938
-0.703125
-0.695313
-0.687500
-0.679688
-0.671875
-0.664063
-0.656250
-0.648438
-0.640625
-0.632813
-0.625000
-0.617188
-0.609375
-0.601563
-0.593750
-0.585938
-0.578125
-0.570313
-0.562500
-0.554688
-0.546875
0.000000
0.861584
0.835649
0.859855
0.837150
0.858550
0.838292
0.857539
0.839205
0.856723
0.839956
0.856038
0.840575
0.000000
-0.898438
-0.906250
-0.914063
-0.921875
-0.929688
-0.937500
-0.945313
-0.953125
-0.960938
-0.968750
-0.976563
-0.984375
-0.992188
1.000000
0.992188
0.984375
0.976563
0.968750
0.960938
0.953125
0.945313
-0.835938
-0.843750
-0.851563
-0.859375
-0.867188
-0.875000
-0.882813
-0.890625
-0.898438
-0.906250
-0.914063
-0.921875
-0.929688
-0.937500
-0.945313
-0.953125
-0.960938
-0.968750
-0.976563
-0.984375
-0.992188
1.000000
0.992188
0.984375
0.976563
0.968750
0.960938
0.953125
0.945313
0.937500
0.929688
0.921875
0.000000
-0.812500
-0.820313
-0.828125
-0.835938
-0.843750
-0.851563
-0.859375
-0.867188
-0.875000
-0.882813
-0.890625
0.855484
0.841065
0.855027
0.841522
0.854603
0.841880
0.854277
0.842207
0.853983
0.842468
0.853722
0.842696
0.853526
0.842924
0.853331
0.843087
0.000000
-0.843805
-0.852482
0.000000
-0.514103
-0.492898
-0.471397
-0.449611
-0.427555
-0.405241
-0.382683
-0.359895
-0.336890
-0.313682
-0.290284
-0.266712
-0.242980
-0.219101
-0.195090
-0.170962
-0.146730
-0.122410
-0.098017
-0.073565
-0.049068
-0.024541
0.000000
0.024541
0.049068
0.073565
0.098017
0.122411
0.146730
0.170962
0.195090
-0.049068
-0.024541
0.000000
0.024541
0.049068
0.073565
0.098017
0.122411
0.146730
0.170962
0.195090
0.219101
0.242980
0.266713
0.290285
0.313682
0.336890
0.359895
0.382683
0.405241
0.427555
0.449611
0.471397
0.492898
0.514103
0.534998
0.555570
0.575808
0.595699
0.615232
0.634393
0.653173
0.000000
-0.534998
-0.843870
-0.852450
-0.843903
0.468750
0.476563
0.484375
0.492188
0.500000
0.507813
0.515625
0.523438
0.531250
0.539063
0.546875
0.554688
0.562500
0.570313
0.578125
0.585938
0.593750
0.601563
0.609375
0.617188
