-0.695313
-0.703125
-0.710938
-0.718750
-0.726563
-0.734375
-0.742188
-0.750000
-0.757813
-0.765625
-0.773438
-0.781250
-0.789063
-0.796875
-0.804688
-0.812500
-0.820313
-0.828125
-0.742188
-0.750000
-0.757813
-0.765625
-0.773438
-0.781250
-0.789063
-0.796875
-0.804688
-0.812500
-0.820313
-0.828125
-0.835938
-0.843750
-0.851563
-0.859375
-0.867188
-0.875000
-0.882813
-0.890625
-0.898438
0.000000
-0.575808
-0.555570
-0.534998
-0.514103
-0.492898
-0.449611
-0.427555
-0.405241
-0.382683
-0.359895
-0.336890
-0.313682
-0.290284
-0.266712
-0.242980
-0.219101
-0.195090
-0.170962
-0.146730
-0.122410
0.882364
0.819567
0.872741
0.826613
0.867358
0.830821
0.863966
0.833660
0.861584
0.835649
0.859855
0.837150
0.858550
0.838292
0.857539
0.839205
0.856723
0.839956
0.856038
0.840575
0.843750
0.851563
0.859375
0.867188
0.875000
0.882813
0.890625
0.898438
0.906250
0.914063
0.921875
0.929688
0.937500
0.945313
0.953125
0.960938
0.968750
0.976563
0.984375
0.992188
-1.000000
-0.992188
-0.984375
-0.976563
-0.968750
-0.960938
-0.953125
-0.945313
-0.937500
-0.929688
-0.921875
-0.914063
0.000000
-0.872741
-0.819567
-0.882364
-0.805637
-0.904352
-0.765708
-1.000000
0.000000
1.000000
0.765708
0.904352
0.805637
0.000000
-0.098017
-0.073565
-0.049068
-0.024541
0.000000
0.024541
0.049068
0.073565
0.098017
0.122411
0.146730
0.170962
0.195090
0.219101
0.242980
0.266713
0.290285
0.000000
-0.956940
-0.949528
-0.941544
-0.932993
-0.923879
-0.914210
-0.903989
-0.893224
-0.881921
-0.870087
-0.857729
-0.844853
-0.831469
-0.817585
-0.803208
-0.788346
-0.773010
-0.757209
-0.740951
-0.724247
-0.707107
-0.689541
-0.671559
-0.653173
-0.634393
-0.615231
-0.595699
-0.906250
-0.914063
-0.921875
-0.929688
-0.937500
-0.945313
-0.953125
-0.960938
-0.968750
-0.976563
-0.984375
-0.031250
-0.023438
-0.015625
-0.007813
0.000000
0.007813
0.015625
0.023438
0.031250
0.039063
0.046875
0.054688
0.062500
0.070313
0.078125
0.085938
0.093750
0.101563
0.109375
0.117188
0.125000
0.132813
0.140625
0.148438
0.156250
0.164063
0.171875
0.179688
0.187500
0.000000
-0.835649
-0.861584
-0.833660
-0.863966
-0.830821
-0.867358
-0.826613
-0.872741
-0.819567
-0.882364
-0.805637
-0.904352
-0.765708
-1.000000
0.000000
1.000000
0.765708
0.904352
0.805637
0.882364
0.819567
0.872741
0.826613
0.867358
0.830821
0.863966
0.833660
0.861584
0.835649
0.859855
0.837150
0.858550
-0.054688
-0.046875
-0.039063
0.000000
0.000000
-0.585938
-0.593750
-0.601563
-0.609375
-0.617188
-0.625000
-0.632813
