-0.963776
0.999699
0.998795
0.997290
0.995185
0.992480
0.989177
0.985278
0.980785
0.975702
0.970031
0.963776
0.956940
0.949528
0.941544
0.932993
0.923880
0.914210
0.903989
0.893224
0.881921
0.870087
0.857729
0.844854
0.831470
0.817585
0.803208
0.788346
0.773010
0.757209
0.740951
0.724247
0.707107
0.000000
-0.514103
-0.534998
-0.555570
-0.575808
-0.595699
-0.615232
-0.634393
-0.653173
-0.671559
-0.689541
-0.707107
-0.724247
-0.740951
-0.757209
-0.773010
-0.788346
-0.803208
-0.817585
-0.831470
-0.844854
-0.476563
-0.468750
-0.460938
-0.453125
-0.445313
-0.437500
-0.429688
-0.421875
-0.414063
-0.406250
-0.398438
-0.390625
-0.382813
-0.375000
-0.367188
-0.359375
-0.351563
-0.343750
-0.335938
-0.328125
-0.320313
-0.312500
-0.304688
-0.296875
-0.289063
-0.281250
-0.273438
-0.265625
-0.257813
0.000000
0.843675
0.852613
0.843740
0.852548
0.843805
0.852482
0.843870
0.852450
0.843903
0.852417
0.843935
0.852385
0.843935
0.852385
0.843935
0.852385
0.843935
0.852385
0.843935
0.852417
0.843903
0.852450
0.843870
0.852482
0.843805
0.852548
0.843740
0.852613
0.843675
0.852678
0.843609
0.852776
-0.500000
-0.492188
-0.484375
0.000000
-0.857729
-0.870087
-0.881921
-0.893224
-0.171875
-0.179688
-0.187500
-0.195313
-0.203125
-0.210938
-0.218750
-0.226563
-0.234375
-0.242188
-0.250000
-0.257813
-0.265625
-0.273438
-0.281250
-0.289063
-0.296875
-0.304688
-0.312500
-0.320313
-0.328125
-0.335938
-0.343750
-0.351563
-0.359375
-0.367188
-0.375000
-0.382813
-0.390625
-0.398438
-0.406250
0.335938
0.328125
0.320313
0.312500
0.304688
0.296875
0.289063
0.281250
0.273438
0.265625
0.257813
0.250000
0.242188
0.234375
0.226563
0.218750
0.210938
0.203125
0.195313
0.187500
0.179688
0.171875
0.164063
0.156250
-0.843381
-0.853005
-0.843250
-0.853168
-0.843087
-0.853331
-0.842924
-0.853526
-0.842696
-0.853722
-0.842468
-0.853983
-0.842207
-0.854277
-0.841880
-0.854603
-0.841522
-0.855027
0.390625
0.398438
0.406250
0.414063
0.421875
0.429688
0.437500
0.445313
0.453125
0.460938
0.468750
0.476563
0.484375
0.492188
0.500000
0.507813
0.515625
0.523438
0.531250
0.539063
0.546875
0.554688
0.562500
0.570313
0.578125
0.585938
0.593750
0.601563
0.609375
0.617188
0.625000
0.632813
0.000000
-0.843903
-0.852450
-0.843870
-0.852482
-0.843805
-0.852548
-0.843740
-0.852613
-0.843675
-0.852678
-0.843609
-0.852776
-0.843479
-0.852874
0.000000
0.148438
0.140625
0.132813
0.125000
0.117188
0.109375
0.101563
0.093750
0.000000
-0.164063
0.000000
