0.953125
0.960938
0.968750
0.976563
0.984375
0.992188
-1.000000
-0.992188
-0.984375
0.000000
-0.843740
-0.852548
-0.843805
-0.852482
-0.843870
-0.852450
-0.843903
-0.852417
-0.843935
-0.852385
-0.843935
-0.852385
0.000000
-1.000000
-0.765708
0.226563
0.234375
0.242188
0.250000
0.257813
0.265625
0.273438
0.281250
0.289063
0.296875
0.304688
0.312500
0.320313
0.328125
0.335938
0.343750
0.351563
0.359375
0.367188
0.375000
0.382813
0.390625
0.398438
0.406250
0.414063
0.421875
0.429688
0.437500
0.445313
0.453125
0.460938
0.000000
0.242980
0.219101
0.195090
0.170962
0.146730
0.122411
0.098017
0.073564
0.049067
0.024541
0.000000
-0.024541
-0.049068
-0.073565
-0.098017
-0.122411
-0.146730
-0.170962
-0.195090
-0.219101
-0.242980
-0.266713
-0.290285
0.000000
-0.359895
-0.336890
-0.313682
-0.290284
-0.266712
-0.242980
-0.219101
-0.195090
-0.170962
-0.146730
-0.122410
-0.098017
-0.073565
-0.049068
-0.024541
0.000000
0.024541
0.049068
0.073565
0.098017
0.122411
0.146730
0.170962
0.195090
0.219101
0.242980
0.266713
0.290285
0.313682
0.336890
0.359895
0.382683
0.449611
0.427555
0.405241
0.382683
0.359895
0.336890
0.313682
0.290285
0.266713
0.468750
0.000000
0.854603
0.841522
0.855027
0.841065
0.855484
0.840575
0.856038
0.839956
0.856723
0.839205
0.857539
0.838292
0.858550
0.837150
0.859855
0.835649
0.861584
0.833660
0.863966
0.830821
0.867358
0.826613
0.872741
0.819567
0.882364
0.805637
0.904352
0.765708
1.000000
0.000000
-0.843935
-0.852385
-0.843935
-0.852385
-0.843935
-0.852417
-0.843903
0.000000
-0.078125
-0.085938
-0.093750
-0.101563
-0.109375
-0.117188
-0.125000
-0.132813
-0.140625
-0.148438
-0.156250
-0.164063
-0.171875
-0.179688
-0.187500
-0.195313
-0.203125
-0.210938
-0.218750
-0.226563
-0.234375
-0.242188
-0.250000
-0.257813
-0.265625
-0.273438
0.000000
-0.875000
-0.882813
-0.890625
-0.898438
-0.906250
-0.914063
-0.921875
-0.929688
-0.937500
-0.945313
-0.953125
-0.960938
-0.968750
-0.976563
-0.984375
-0.992188
1.000000
0.992188
0.984375
0.976563
0.968750
0.960938
0.953125
0.945313
0.937500
0.929688
0.921875
0.914063
0.906250
0.898438
0.890625
0.882813
-0.031250
-0.039063
-0.046875
-0.054688
-0.062500
-0.070313
-0.852450
-0.843870
-0.852482
-0.843805
-0.852548
-0.843740
-0.852613
-0.843675
-0.852678
-0.843609
-0.852776
-0.843479
-0.852874
0.773438
0.781250
0.789063
0.796875
0.804688
0.812500
0.820313
0.828125
0.835938
0.843750
0.851563
0.859375
0.867188
0.875000
0.882813
0.890625
