0.559954
0.559954
0.486312
0.191687
0.064333
-0.194739
-0.254494
-0.231239
-0.396191
0.241066
0.435377
0.215857
-0.428694
-0.068239
0.387127
-0.189886
-0.341472
-0.409711
-0.237678
-0.824396
-0.688955
-0.080599
0.506851
0.924955
0.478103
-0.404859
-0.225654
0.136265
0.435438
0.187811
-0.074435
-0.183142
0.094852
0.222907
0.204169
-0.002197
0.098544
-0.303873
-0.207984
0.096957
0.209845
0.098453
0.070528
0.327403
-0.386486
-0.783624
-0.359661
0.810724
0.956999
0.506943
-0.665273
-0.260445
0.246529
0.610065
-0.007324
0.291482
0.340556
-0.050386
0.244270
0.211310
-0.025666
0.149632
-0.352336
-0.754418
-0.916257
-0.026765
0.381359
0.166967
-0.792413
-0.081301
0.539262
0.114261
0.542589
0.152684
-0.106876
0.417798
0.189184
-0.043367
-0.011597
-0.071352
0.026429
0.092929
0.502426
0.096957
0.180456
0.687948
-0.075381
-0.184912
0.111728
0.576861
0.496231
0.291940
0.177343
-0.966918
-0.289499
0.857631
0.762169
-0.368389
-0.982757
-0.822138
-0.237190
0.282144
0.047304
-0.826991
-0.497055
-0.215217
-0.319193
0.022584
0.257057
0.160070
-0.927427
-0.315561
0.180944
0.387890
-0.004822
0.285470
0.346355
-0.542039
-0.144505
0.011139
0.076662
0.155889
0.354900
0.049043
-0.941496
-0.621937
-0.263649
0.000061
-0.559557
0.211097
0.750114
0.052583
0.398175
-0.087710
-0.728294
-0.941923
-0.471145
0.300333
0.815088
0.271523
0.455092
0.882626
0.129124
0.241188
0.049745
-0.589862
0.240028
0.328227
-0.019318
0.159764
0.025025
-0.171941
-0.770989
0.102054
0.060915
-0.416242
-0.823450
-0.280587
0.259774
-0.061678
0.353191
-0.325480
-0.906308
-0.603473
-0.070376
0.396222
0.697165
-0.110843
-0.157994
0.007874
-0.165166
-0.376904
0.080782
0.999969
0.582232
0.562609
0.220313
-0.708701
-0.686697
-0.107669
0.536973
0.137761
0.247200
0.300333
-0.492599
0.045656
0.389843
0.434217
0.355235
0.019654
-0.342418
-0.034974
-0.759758
-0.664724
0.041322
0.360057
-0.348979
-0.708579
0.890286
0.329630
0.047060
-0.228614
-0.851772
-0.531999
0.219337
0.092288
0.801874
0.475539
-0.201605
-0.734336
0.228584
0.823786
-0.783380
0.305063
0.272805
-0.202857
0.126225
0.188788
0.056154
-0.175451
-0.345683
-0.131352
0.255898
0.868191
0.257637
-0.252419
0.123569
0.466567
0.378613
-0.191809
0.877957
-0.115757
-0.643849
-0.201239
0.345103
0.323313
-0.082858
-0.126896
0.057497
0.280709
0.053438
0.016816
-0.501389
-0.827357
-0.044588
0.161687
-0.089877
-0.782220
0.281594
0.137272
-0.576922
0.648091
-0.312143
-0.435041
0.486099
0.105045
