-0.520463
0.559954
0.486312
0.191687
0.064333
-0.194739
-0.254494
-0.231239
-0.396191
0.241066
0.435377
0.215857
-0.428694
-0.068239
0.387127
-0.189886
-0.341472
-0.409711
-0.237678
-0.824396
-0.688955
-0.080599
0.506851
0.924955
0.478103
-0.404859
-0.225654
0.136265
0.435438
0.187811
-0.074435
-0.183142
0.094852
0.222907
0.204169
-0.002197
0.098544
-0.303873
-0.207984
0.096957
0.209845
0.098453
0.070528
0.327403
-0.386486
-0.783624
-0.359661
0.810724
0.956999
0.506943
-0.665273
-0.260445
0.246529
0.610065
-0.007324
0.291482
0.340556
-0.050386
0.244270
0.211310
-0.025666
0.149632
-0.352336
-0.754418
-0.916257
-0.026765
0.381359
0.166967
-0.792413
-0.081301
0.539262
0.114261
0.542589
0.152684
-0.106876
0.417798
0.189184
-0.043367
-0.011597
-0.071352
0.026429
0.092929
0.502426
0.096957
0.180456
0.687948
-0.075381
-0.184912
0.111728
0.576861
0.496231
0.291940
0.177343
-0.966918
-0.289499
0.857631
0.762169
-0.368389
-0.982757
-0.822138
-0.237190
0.282144
0.047304
-0.826991
-0.497055
-0.215217
-0.319193
0.022584
0.257057
0.160070
-0.927427
-0.315561
0.180944
0.387890
-0.004822
0.285470
0.346355
-0.542039
-0.144505
0.011139
0.076662
0.155889
0.354900
0.049043
-0.941496
-0.621937
-0.263649
0.000061
-0.559557
0.211097
0.750114
0.052583
0.398175
-0.087710
-0.728294
-0.941923
-0.471145
0.300333
0.815088
0.271523
0.455092
0.882626
0.129124
0.241188
0.049745
-0.589862
0.240028
0.328227
-0.019318
0.159764
0.025025
-0.171941
-0.770989
0.102054
0.060915
-0.416242
-0.823450
-0.280587
0.259774
-0.061678
0.353191
-0.325480
-0.906308
-0.603473
-0.070376
0.396222
0.697165
-0.110843
-0.157994
0.007874
-0.165166
-0.376904
0.080782
0.999969
0.582232
0.562609
0.220313
-0.708701
-0.686697
-0.107669
0.536973
0.137761
0.247200
0.300333
-0.492599
0.045656
0.389843
0.434217
0.355235
0.019654
-0.342418
-0.034974
-0.759758
-0.664724
0.041322
0.360057
-0.348979
-0.708579
0.890286
0.329630
0.047060
-0.228614
-0.851772
-0.531999
0.219337
0.092288
0.801874
0.475539
-0.201605
-0.734336
0.228584
0.823786
-0.783380
0.305063
0.272805
-0.202857
0.126225
0.188788
0.056154
-0.175451
-0.345683
-0.131352
0.255898
0.868191
0.257637
-0.252419
0.123569
0.466567
0.378613
-0.191809
0.877957
-0.115757
-0.643849
-0.201239
0.345103
0.323313
-0.082858
-0.126896
0.057497
0.280709
0.053438
0.016816
-0.501389
-0.827357
-0.044588
0.161687
-0.089877
-0.782220
0.281594
0.137272
-0.576922
0.648091
-0.312143
-0.435041
0.486099
0.105045
-0.520463
0.064272
-0.283059
-0.056337
0.108036
0.179754
-0.840083
-0.677114
-0.193487
0.263680
0.355052
0.569231
0.568987
0.349254
-0.464919
-0.819727
-0.109500
0.588855
0.475600
-0.328806
-0.629353
-0.530381
0.162938
0.286935
0.999969
0.163305
-0.895932
-0.940947
-0.470168
0.508652
0.849879
-0.006531
-0.319834
-0.124271
0.647633
-0.242286
-0.720786
0.232734
-0.092715
0.003632
-0.035951
-0.035981
0.080660
0.106845
-0.363811
-0.076052
-0.400647
-0.546373
0.254585
0.324686
-0.097781
-0.875637
0.256172
0.565416
0.345195
0.299264
-0.229835
-0.330058
-0.030274
-0.253639
-0.119907
0.172826
0.088046
0.616291
0.425794
-0.197607
0.127812
0.336985
0.336985
0.028809
-0.420118
-0.273598
0.444349
0.160527
0.030976
-0.113987
0.258553
0.283425
0.408918
0.253365
-0.133335
-0.757286
-0.796533
-0.016999
0.762200
0.351604
-0.734275
0.484329
0.128361
-0.189001
-0.254707
-0.086001
-0.291787
-0.624805
0.263955
0.206275
0.013459
0.166997
-0.376690
-0.249763
0.210273
0.500229
-0.079043
-0.543748
0.096438
-0.174780
0.159734
0.314035
-0.099124
-0.239357
0.048585
0.438032
0.491928
-0.155248
-0.894345
-0.486587
-0.181799
0.222785
0.611927
-0.228736
-0.077517
0.474593
-0.153752
0.032502
0.154454
0.537248
-0.639546
-0.482253
0.181768
0.034028
0.201178
0.333628
0.613269
0.371715
0.134220
-0.352275
-0.561815
-0.918088
-0.322153
0.787561
0.758599
0.138096
-0.634754
-0.221137
-0.046815
0.428632
0.566637
0.529954
0.071963
-0.278787
-0.760582
-0.276650
-0.304239
-0.742271
0.064669
0.630299
0.575396
-0.373669
-0.872372
-0.605426
0.387371
0.617939
0.237861
-0.147221
0.477706
0.034608
-0.027894
0.033143
-0.298990
-0.220069
0.124760
0.576067
0.343028
-0.233528
-0.943297
0.531877
0.041566
-0.299112
0.847957
0.108097
-0.189306
-0.285440
-0.305155
-0.040132
0.151402
0.116733
-0.145482
-0.136357
0.078188
0.059542
-0.204871
-0.317179
0.179662
0.399762
0.441908
0.094943
-0.189001
-0.329936
-0.094913
-0.034028
0.567736
-0.012757
-0.807611
0.443495
0.456557
0.292764
0.048616
0.035157
0.041627
-0.032350
-0.424055
-0.375286
-0.006653
0.397137
0.498520
0.246712
-0.034455
-0.007782
0.158849
0.263070
0.273324
-0.228614
-0.106296
0.237678
0.170934
-0.135228
-0.204840
0.339610
-0.169195
-0.141697
-0.073153
0.044099
0.029298
-0.153752
-0.702231
-0.026276
-0.082308
-0.104343
0.165593
0.399426
-0.001770
-0.858516
-0.939085
-0.462600
0.613544
0.392224
0.736045
0.374645
-0.164006
-0.428846
-0.222541
0.230811
0.571184
0.444136
0.103092
-0.265236
