0.024541
0.524534
0.536783
0.549008
0.561206
0.573365
0.585481
0.597545
0.609550
0.621490
0.633357
0.645142
0.656841
0.668445
0.679947
0.691342
0.702621
0.713777
0.724805
0.735699
0.746449
0.757051
0.767499
0.777785
0.787904
0.797850
0.807616
0.817196
0.826586
0.835779
0.844770
0.853554
0.862123
0.870476
0.878605
0.886505
0.894173
0.901604
0.908792
0.915735
0.922427
0.928864
0.935044
0.940961
0.946612
0.951995
0.957105
0.961940
0.966496
0.970772
0.974764
0.978470
0.981888
0.985016
0.987851
0.990393
0.992639
0.994588
0.996240
0.997593
0.998645
0.999398
0.999849
1.000000
0.999849
0.999398
0.998645
0.997593
0.996240
0.994588
0.992639
0.990393
0.987851
0.985016
0.981888
0.978470
0.974764
0.970772
0.966496
0.961940
0.957105
0.951995
0.946612
0.940961
0.935044
0.928864
0.922427
0.915735
0.908792
0.901604
0.894173
0.886505
0.878605
0.870476
0.862123
0.853554
0.844770
0.835779
0.826586
0.817196
0.807616
0.797850
0.787904
0.777785
0.767498
0.757051
0.746449
0.735699
0.724805
0.713777
0.702621
0.691342
0.679947
0.668445
0.656841
0.645142
0.633357
0.621490
0.609550
0.597545
0.585481
0.573365
0.561206
0.549008
0.536782
0.524534
0.512271
0.500000
-0.512271
-0.524534
-0.536783
-0.549008
-0.561206
-0.573365
-0.585481
-0.597545
-0.609550
-0.621490
-0.633357
-0.645142
-0.656841
-0.668445
-0.679947
-0.691342
-0.702621
-0.713777
-0.724806
-0.735699
-0.746449
-0.757051
-0.767499
-0.777785
-0.787904
-0.797850
-0.807616
-0.817196
-0.826586
-0.835779
-0.844770
-0.853554
-0.862123
-0.870476
-0.878605
-0.886505
-0.894173
-0.901604
-0.908792
-0.915735
-0.922427
-0.928864
-0.935044
-0.940961
-0.946612
-0.951995
-0.957105
-0.961940
-0.966496
-0.970772
-0.974764
-0.978470
-0.981888
-0.985016
-0.987851
-0.990393
-0.992639
-0.994588
-0.996240
-0.997593
-0.998645
-0.999398
-0.999849
-1.000000
-0.999849
-0.999398
-0.998645
-0.997593
-0.996240
-0.994588
-0.992639
-0.990393
-0.987851
-0.985016
-0.981888
-0.978470
-0.974764
-0.970772
-0.966496
-0.961940
-0.957105
-0.951995
-0.946612
-0.940961
-0.935044
-0.928864
-0.922426
-0.915735
-0.908792
-0.901604
-0.894173
-0.886505
-0.878605
-0.870476
-0.862123
-0.853554
-0.844770
-0.835779
-0.826586
-0.817196
-0.807616
-0.797850
-0.787904
-0.777785
-0.767499
-0.757051
-0.746449
-0.735699
-0.724805
-0.713777
-0.702621
-0.691342
-0.679947
-0.668445
-0.656841
-0.645142
-0.633356
-0.621490
-0.609550
-0.597545
-0.585481
-0.573365
-0.561205
-0.549008
-0.536783
-0.524534
-0.512271
-0.500000
