-0.007109
-0.156864
-0.167395
-0.177843
-0.188181
-0.198380
-0.208414
-0.218257
-0.227883
-0.237266
-0.246380
-0.255201
-0.263707
-0.271872
-0.279677
-0.287097
-0.294114
-0.300707
-0.306858
-0.312548
-0.317761
-0.322481
-0.326695
-0.330388
-0.333548
-0.336163
-0.338226
-0.339726
-0.340656
-0.341011
-0.340785
-0.339976
-0.338581
-0.336600
-0.334032
-0.330881
-0.327149
-0.322840
-0.317961
-0.312519
-0.306522
-0.299979
-0.292903
-0.285304
-0.277196
-0.268594
-0.259513
-0.249970
-0.239982
-0.229569
-0.218750
-0.207547
-0.195979
-0.184071
-0.171844
-0.159323
-0.146534
-0.133500
-0.120248
-0.106805
-0.093196
-0.079450
-0.065594
-0.051657
0.305980
0.319997
0.334011
0.347993
0.361915
0.375748
0.389465
0.403036
0.416435
0.429634
0.442605
0.455321
0.467757
0.479887
0.491685
0.503127
0.514189
0.524849
0.535084
0.544872
0.554193
0.563027
0.944232
0.952038
0.959304
0.966015
0.972157
0.977716
0.982681
0.987039
0.990781
0.993899
0.996385
0.998234
0.999440
1.000000
0.999912
0.999174
0.997787
0.995752
0.993072
0.989751
0.985794
0.981208
0.976000
0.970178
0.963754
0.956738
0.949142
0.940979
0.932263
0.923011
0.913238
0.902961
0.892199
0.880970
0.869294
0.857192
0.844685
0.831794
0.818543
0.804954
0.791050
0.776857
-0.026443
-0.041143
-0.056059
-0.071164
-0.086435
-0.101844
-0.117367
-0.132977
-0.148648
-0.164355
-0.180072
-0.195774
-0.211435
-0.227031
-0.242537
-0.257928
-0.273182
-0.288273
-0.303181
-0.317882
-0.332354
-0.346578
-0.360531
-0.374196
-0.387553
-0.400583
-0.413270
-0.425598
-0.437550
-0.449112
-0.460271
-0.471013
-0.481326
-0.491201
-0.500626
-0.509593
-0.518095
-0.526123
-0.533673
-0.540740
-0.547319
-0.553407
-0.559003
-0.936982
-0.941591
-0.945709
-0.949337
-0.952477
-0.955134
-0.957313
-0.959018
-0.960256
-0.961035
-0.961363
-0.961247
-0.960698
-0.959726
-0.958342
-0.956556
-0.954381
-0.951829
-0.948914
-0.945650
-0.942048
-0.594479
-0.590249
-0.585726
-0.580926
-0.575864
-0.570556
-0.565017
-0.559263
-0.553310
-0.547173
-0.540868
-0.534412
-0.527818
-0.521104
-0.514283
-0.507371
-0.500382
-0.493331
-0.486231
-0.479097
-0.471941
-0.464776
-0.457613
-0.450466
-0.443346
-0.436262
-0.429225
-0.422244
-0.415329
-0.408488
-0.401729
-0.395058
-0.388482
-0.382006
-0.375637
-0.369377
-0.363232
-0.357203
-0.351294
-0.345506
-0.339840
-0.334297
-0.328876
-0.323577
-0.318398
-0.313338
-0.308393
-0.303560
-0.298836
-0.294218
-0.289699
-0.285274
-0.280939
-0.276688
-0.272513
-0.268409
-0.264368
-0.260383
-0.256446
-0.252550
-0.248687
-0.244848
-0.241026
-0.237213
