0.016759
0.377432
0.393582
0.409581
0.425380
0.440930
0.456182
0.471089
0.485607
0.499690
0.513295
0.526382
0.538910
0.550843
0.562143
0.572779
0.582719
0.591933
0.600397
0.608086
0.614979
0.621057
0.626306
0.630712
0.634265
0.636958
0.638789
0.639754
0.639857
0.639101
0.637495
0.635049
0.631776
0.627693
0.622818
0.617173
0.610782
0.603672
0.595871
0.587411
0.578326
0.568650
0.558422
0.547681
0.536467
0.524824
0.512795
0.500424
0.487759
0.474846
0.461733
0.448469
0.108156
0.094735
0.081309
0.067928
0.054639
0.041491
0.028532
0.015808
0.003365
-0.008751
-0.020498
-0.031833
-0.353712
-0.364104
-0.373967
-0.383266
-0.391969
-0.400045
-0.407464
-0.414201
-0.420232
-0.425535
-0.430092
-0.433886
-0.436905
-0.439138
-0.440577
-0.441218
-0.441057
-0.440097
-0.438340
-0.435792
-0.432464
-0.428365
-0.156357
-0.150767
-0.144459
-0.137456
-0.129782
-0.121465
-0.112533
-0.103018
-0.092953
-0.082374
-0.071318
-0.059825
-0.047933
-0.035685
-0.023123
-0.010292
0.002763
0.342942
0.356309
0.369761
0.383251
0.396733
0.410158
0.423481
0.436653
0.449630
0.462365
0.474813
0.486931
0.498676
0.510006
0.520881
0.531262
0.541112
0.550397
0.559081
0.567133
0.574525
0.581228
0.587217
0.592469
0.596965
0.592710
0.595638
0.597762
0.599070
0.599555
0.599211
0.598035
0.596027
0.593188
0.589524
0.585042
0.579750
0.573663
0.566793
0.559157
0.550776
0.541669
0.531861
0.521376
0.510242
0.498487
0.486142
0.473241
0.459816
0.445902
0.431535
0.089808
0.074651
0.059156
0.043364
0.027315
0.011050
-0.005390
-0.021963
-0.038628
-0.055344
-0.072069
-0.088763
-0.105386
-0.121898
-0.138261
-0.154435
-0.170384
-0.453229
-0.468622
-0.483685
-0.498388
-0.512698
-0.526586
-0.540026
-0.552990
-0.565456
-0.577399
-0.588800
-0.599640
-0.609901
-0.619569
-0.628631
-0.637075
-0.644892
-0.652075
-0.658619
-0.664520
-0.669776
-0.985384
-0.989353
-0.992683
-0.995380
-0.997451
-0.998904
-0.999750
-1.000000
-0.999667
-0.998767
-0.997313
-0.995323
-0.992815
-0.662860
-0.659371
-0.655421
-0.651032
-0.646224
-0.641020
-0.635441
-0.629510
-0.623249
-0.616682
-0.609831
-0.602718
-0.595365
-0.587794
-0.580027
-0.572086
-0.563989
-0.555759
-0.547412
-0.538969
-0.530447
-0.521863
-0.513231
-0.504569
-0.495889
-0.487204
-0.478527
-0.469868
-0.461236
-0.452641
-0.444090
-0.435590
-0.427145
-0.418761
-0.410440
-0.402185
-0.393996
-0.385875
-0.377820
-0.369831
-0.361904
-0.354036
-0.346224
-0.338464
-0.330749
-0.323075
-0.315436
-0.307824
-0.300234
-0.292658
-0.285090
