0.025916
0.600012
0.632621
0.664721
0.696148
0.726742
0.756347
0.784813
0.811995
0.837760
0.861978
0.884530
0.905310
0.924217
0.941163
0.956073
0.968882
0.979537
0.987997
0.994236
0.998238
1.000000
0.999533
0.996859
0.992014
0.985043
0.976007
0.964974
0.952026
0.937253
0.920756
0.902644
0.883035
0.862054
0.839833
0.816509
0.792224
0.512105
0.486343
0.460070
0.433438
0.406600
0.379711
0.091525
0.064983
0.038836
0.013226
-0.011712
-0.035846
-0.059051
-0.081209
-0.102212
-0.383354
-0.401750
-0.418712
-0.434168
-0.448053
-0.460315
-0.470911
-0.479809
-0.486987
-0.492434
-0.496150
-0.498147
-0.747088
-0.745714
-0.742709
-0.738123
-0.732013
-0.724445
-0.715493
-0.705237
-0.693764
-0.681166
-0.412521
-0.397972
-0.382604
-0.366526
-0.349848
-0.332682
-0.315140
-0.297334
-0.279377
-0.261377
-0.243442
-0.225675
0.266813
0.283944
0.300617
0.316747
0.332252
0.347059
0.361101
0.374317
0.386653
0.398064
0.408511
0.417964
0.426399
0.433801
0.440163
0.445484
0.449772
0.714438
0.716708
0.718008
0.718371
0.717836
0.716447
0.714255
0.456291
0.452655
0.448388
0.443552
0.438211
0.432435
0.426289
0.419842
0.413162
0.406317
0.399371
0.392389
0.385432
0.378559
0.371826
0.365283
0.358979
0.352957
0.079483
0.074135
0.069169
0.064608
0.060470
0.056767
0.053504
0.050684
0.048301
0.046346
0.044802
0.043652
0.042868
0.042422
0.042281
0.042407
0.042759
0.043294
0.043963
0.299742
0.300535
0.301314
0.302024
0.302614
0.303031
0.303223
0.041742
0.041333
0.040552
0.039353
0.037696
0.035542
0.032855
0.029606
0.025767
0.021316
0.016236
0.010514
0.004142
-0.002881
-0.010553
-0.018865
-0.027804
0.010451
0.000318
-0.010371
-0.021584
-0.033281
-0.045422
-0.057960
-0.070846
-0.084027
-0.097446
-0.111046
-0.124765
-0.393563
-0.407333
-0.421032
-0.434596
-0.447959
-0.461059
-0.473830
-0.486213
-0.498147
-0.758220
-0.769085
-0.779338
-0.788929
-0.797815
-0.805953
-0.813309
-0.819850
-0.825550
-0.830386
-0.834342
-0.837405
-0.839568
-0.579434
-0.579799
-0.579274
-0.577874
-0.575617
-0.572526
-0.568627
-0.563953
-0.558538
-0.813819
-0.807045
-0.799657
-0.791702
-0.783232
-0.774297
-0.509929
-0.500225
-0.490219
-0.479964
-0.469515
-0.458926
-0.448249
-0.437534
-0.426832
-0.416190
-0.405650
-0.395255
-0.385044
-0.375050
-0.365305
-0.355837
-0.346669
-0.337820
-0.329306
-0.321138
-0.313322
-0.305861
-0.298753
-0.291993
-0.285570
-0.279472
-0.273681
-0.268176
-0.262935
-0.257931
-0.253134
-0.248514
-0.244038
-0.239671
-0.235377
-0.231120
