0.013259
0.306607
0.321513
0.336120
0.350334
0.364063
0.377221
0.389726
0.401502
0.412482
0.422603
0.431813
0.440066
0.447328
0.453571
0.458777
0.462938
0.466055
0.468140
0.469211
0.469298
0.468437
0.466674
0.464061
0.460659
0.456533
0.451755
0.446401
0.440553
0.434292
0.427704
0.420877
0.135344
0.128298
0.121269
0.114341
0.107593
0.128812
0.122641
0.116858
0.111519
0.106676
0.102370
0.370558
0.367423
0.364906
0.363013
0.361744
0.361091
0.361035
0.361549
0.362599
0.092220
0.094202
0.096568
0.099255
0.102192
0.105307
0.108520
0.111751
0.114918
0.117936
0.120722
0.123192
0.145162
0.146760
0.147808
0.148238
0.147985
0.146992
0.145210
0.142597
0.139121
0.134758
0.101781
0.095615
0.088552
0.080612
0.071823
0.062224
0.051867
0.040811
0.029128
0.016898
0.004209
-0.008840
-0.071872
-0.085321
-0.098796
-0.112176
-0.125336
-0.138145
-0.150476
-0.162198
-0.173182
-0.183302
-0.470988
-0.479018
-0.485829
-0.491319
-0.495390
-0.497955
-0.498936
-0.226348
-0.223975
-0.219858
-0.213967
-0.206290
-0.196825
-0.185588
-0.144894
-0.130215
-0.113896
-0.096010
-0.076644
-0.055899
-0.033889
-0.010739
0.013413
0.038420
0.064124
0.090361
0.116957
0.143735
0.170511
0.197101
0.223317
0.248972
0.817721
0.841698
0.864565
0.886151
0.906287
0.924816
0.941591
0.956474
0.969340
0.980077
0.988587
0.994787
0.998608
1.000000
0.998927
0.995372
0.989332
0.980824
0.969881
0.928839
0.913190
0.895304
0.875278
0.853222
0.829263
0.803538
0.504277
0.475479
0.445394
0.414199
0.382077
0.349216
0.037257
0.003497
-0.030420
-0.064300
-0.097953
-0.131189
-0.163827
-0.195689
-0.226608
-0.256423
-0.284985
-0.806269
-0.831922
-0.855943
-0.878233
-0.898705
-0.917289
-0.933926
-0.948576
-0.961214
-0.971826
-0.980418
-0.987007
-0.963911
-0.966606
-0.967435
-0.966470
-0.963793
-0.959497
-0.953685
-0.946467
-0.937960
-0.908393
-0.897685
-0.886074
-0.873693
-0.860677
-0.847162
-0.833280
-0.819164
-0.804940
-0.790731
-0.776654
-0.762819
-0.749329
-0.464356
-0.451828
-0.439898
-0.428633
-0.418088
-0.408307
-0.399324
-0.391162
-0.383832
-0.105415
-0.099745
-0.094882
-0.090797
-0.087453
-0.084807
-0.110519
-0.109101
-0.108204
-0.107757
-0.386238
-0.386465
-0.386912
-0.387498
-0.388143
-0.388768
-0.389293
-0.389645
-0.389751
-0.389543
-0.388959
-0.387944
-0.386445
-0.384420
-0.381833
-0.378654
-0.374864
-0.370450
-0.365407
-0.359739
-0.353458
-0.346584
-0.339143
-0.331171
-0.322708
-0.313800
-0.304502
-0.294869
-0.284965
-0.274854
-0.264602
-0.254281
