0.004378
0.095183
0.099487
0.103604
0.107475
0.111046
0.114266
0.117091
0.119479
0.121400
0.122824
0.123735
0.124120
0.123977
0.123310
0.122133
0.120469
0.118345
0.115801
0.112883
0.109642
0.106138
0.102438
0.098612
0.094736
0.090890
0.087157
0.083622
0.080370
0.077488
0.075060
0.073170
-0.260285
-0.260864
-0.260679
-0.259665
-0.257764
-0.221877
-0.218061
-0.213237
-0.207382
-0.200484
-0.192544
0.140700
0.150678
0.161628
0.173504
0.186248
0.199790
0.214049
0.228933
0.244341
0.500968
0.517083
0.533364
0.549678
0.565887
0.581846
0.597410
0.612429
0.626755
0.640241
0.652740
0.664110
0.697941
0.706649
0.713837
0.719390
0.723206
0.725190
0.725262
0.723357
0.719419
0.713412
0.672263
0.662065
0.649778
0.635429
0.619062
0.600736
0.580528
0.558530
0.534851
0.509614
0.482957
0.455030
0.101722
0.071756
0.041041
0.009770
-0.021858
-0.053636
-0.085357
-0.116808
-0.147778
-0.178055
-0.539613
-0.567883
-0.594848
-0.620318
-0.644113
-0.666060
-0.686002
-0.944599
-0.960108
-0.973219
-0.983836
-0.991877
-0.997280
-1.000000
-0.966965
-0.964269
-0.958876
-0.950821
-0.940158
-0.926959
-0.911313
-0.893331
-0.873137
-0.850871
-0.826691
-0.800763
-0.773271
-0.744406
-0.714368
-0.683366
-0.651616
-0.619335
0.248158
0.280835
0.313379
0.345571
0.377197
0.408051
0.437932
0.466649
0.494023
0.519885
0.544081
0.566470
0.586926
0.605342
0.621625
0.635700
0.647510
0.657016
0.664198
0.636003
0.638545
0.638808
0.636841
0.632711
0.626498
0.618298
0.849029
0.837197
0.823744
0.808811
0.792549
0.775118
0.424498
0.405222
0.385278
0.364835
0.344064
0.323132
0.302205
0.281441
0.260991
0.241003
0.221610
-0.121335
-0.139169
-0.156063
-0.171926
-0.186681
-0.200264
-0.212626
-0.223729
-0.233554
-0.242091
-0.249348
-0.255345
-0.227063
-0.230649
-0.233109
-0.234511
-0.234931
-0.234457
-0.233183
-0.231209
-0.228641
-0.201861
-0.198438
-0.194758
-0.190935
-0.187083
-0.183312
-0.179730
-0.176439
-0.173534
-0.171105
-0.169234
-0.167992
-0.167442
-0.408442
-0.409420
-0.411213
-0.413838
-0.417301
-0.421596
-0.426705
-0.432599
-0.439234
-0.122287
-0.130241
-0.138750
-0.147731
-0.157096
-0.166747
-0.209630
-0.219536
-0.229404
-0.239116
-0.580739
-0.589789
-0.598333
-0.606255
-0.613444
-0.619793
-0.625201
-0.629573
-0.632823
-0.634871
-0.635650
-0.635102
-0.633178
-0.629844
-0.625076
-0.618862
-0.611204
-0.602115
-0.591623
-0.579767
-0.566597
-0.552177
-0.536580
-0.519892
-0.502208
-0.483630
-0.464272
-0.444251
-0.423694
-0.402729
-0.381491
-0.360116
