0.017541
0.576305
0.649966
0.688988
0.688477
0.648177
0.572472
0.469827
0.351741
-0.086937
-0.539167
-0.625933
-0.646979
-0.665379
-0.646185
-0.927436
-0.847020
-0.749407
-0.327584
0.019055
0.444691
0.504869
0.538327
0.544713
0.493125
0.457946
0.214154
0.169002
0.131983
0.444725
0.099690
0.118459
0.156400
0.208708
0.268293
0.679143
0.727841
0.510625
0.518735
0.500617
0.799051
0.731532
0.646577
-0.101027
-0.196692
-0.284572
-0.356877
-0.441727
-0.467312
-0.466779
-0.784519
-0.738766
-0.478567
-0.408336
-0.335191
-0.016193
0.047339
0.435700
0.478407
0.544332
0.590903
0.604919
0.612522
0.614911
0.612522
0.604918
0.590902
0.568816
0.536995
0.469804
0.381960
0.318428
-0.086701
-0.159846
-0.478567
-0.539655
-0.585407
-0.809562
-0.810095
-0.441727
-0.390981
-0.318676
-0.196692
-0.101026
-0.006342
0.078613
0.799052
0.843400
0.861517
0.510624
0.479350
0.430652
0.620695
0.561110
0.156399
0.118458
0.099690
0.101942
0.123821
0.503624
0.214154
0.258834
0.294013
0.510609
0.504223
0.504869
0.444690
0.361837
0.263690
-0.182618
-0.528722
-0.927437
-0.980806
-1.000000
-0.646979
-0.591829
-0.505063
-0.429719
-0.309339
0.151529
0.572473
0.648177
0.688477
0.688988
0.649965
0.576304
0.476991
0.364040
-0.064400
-0.576305
-0.649966
-0.688988
-0.688477
-0.648176
-0.572472
-0.469826
-0.351741
0.086937
0.539168
0.625934
0.646979
0.665379
0.646184
0.927437
0.847019
0.749406
0.327583
-0.019055
-0.444691
-0.504869
-0.538327
-0.544713
-0.493125
-0.457946
-0.214154
-0.169003
-0.131983
-0.444724
-0.099689
-0.118459
-0.156400
-0.208708
-0.268292
-0.679143
-0.727841
-0.510625
-0.518735
-0.500616
-0.799051
-0.731532
-0.646577
0.101027
0.196692
0.284573
0.356878
0.441727
0.467312
0.466779
0.784519
0.738766
0.478566
0.408336
0.335190
0.016193
-0.047339
-0.435700
-0.478407
-0.544331
-0.590902
-0.604918
-0.612522
-0.614911
-0.612522
-0.604919
-0.590902
-0.568816
-0.536996
-0.469805
-0.381961
-0.318428
0.086701
0.159846
0.478568
0.539656
0.585407
0.809561
0.810095
0.441726
0.390981
0.318675
0.196690
0.101027
0.006342
-0.078613
-0.799052
-0.843400
-0.861518
-0.510625
-0.479350
-0.430652
-0.620695
-0.561110
-0.156399
-0.118458
-0.099690
-0.101941
-0.123821
-0.503624
-0.214154
-0.258834
-0.294013
-0.510609
-0.504223
-0.504869
-0.444691
-0.361837
-0.263690
0.182619
0.528721
0.927436
0.980806
1.000000
0.646978
0.591827
0.505061
0.429719
0.309340
-0.151529
-0.572473
-0.648177
-0.688477
-0.688987
-0.649966
-0.576306
-0.476991
-0.364040
