0.014248
0.528850
0.541351
0.554102
0.566839
0.579070
0.590081
0.598984
0.100320
0.102071
0.191300
0.182607
0.196369
0.176237
0.151088
-0.155193
0.317827
0.285845
0.255430
-0.099761
-0.213102
-0.226538
-0.231149
-0.730665
-0.744290
-0.720596
-0.486566
-0.449147
-0.408131
-0.088943
0.043642
0.583878
0.612844
0.633133
0.643465
0.671509
0.660906
0.969252
0.436571
0.402298
0.271891
0.232631
0.194593
-0.117165
-0.146302
-0.168578
0.321396
0.286757
0.288297
0.297090
0.404473
0.424335
0.245065
-0.234221
-0.208501
-0.511965
-0.488629
-0.190512
-0.172536
-0.129515
-0.210463
0.302134
0.306971
0.308577
0.306971
0.302134
0.294016
0.282570
-0.236677
-0.162259
-0.211417
-0.234753
-0.536991
-0.562712
-0.259414
-0.282684
0.201933
0.389484
0.380691
0.286757
0.293143
0.307647
0.358177
-0.117165
-0.082620
-0.044582
0.271891
0.309905
0.344177
0.464773
0.484917
1.000000
0.671718
0.661387
0.612844
0.583878
0.548121
0.507930
-0.038525
-0.171934
-0.486566
-0.518056
-0.541749
-0.758918
-0.763881
-0.731017
-0.213102
-0.192155
-0.165454
-0.042645
0.317827
0.349287
0.378355
-0.100975
0.196370
0.210860
0.219553
0.194465
0.192714
0.094505
0.085602
0.579070
0.566839
0.554102
0.541351
0.528850
0.516649
0.504640
-0.280552
-0.528850
-0.541351
-0.554102
-0.566839
-0.579070
-0.590081
-0.598985
-0.100320
-0.102071
-0.191300
-0.182607
-0.196369
-0.176237
-0.151088
0.155193
-0.317827
-0.285845
-0.255430
0.099761
0.213102
0.226538
0.231149
0.730665
0.744289
0.720596
0.486566
0.449147
0.408131
0.088943
-0.043642
-0.583878
-0.612844
-0.633134
-0.643465
-0.671509
-0.660906
-0.969252
-0.436571
-0.402298
-0.271890
-0.232631
-0.194593
0.117166
0.146302
0.168579
-0.321396
-0.286757
-0.288297
-0.297090
-0.404473
-0.424335
-0.245065
0.234221
0.208500
0.511965
0.488629
0.190512
0.172536
0.129515
0.210463
-0.302134
-0.306971
-0.308577
-0.306971
-0.302134
-0.294016
-0.282570
0.236677
0.162259
0.211416
0.234753
0.536991
0.562712
0.259414
0.282684
-0.201933
-0.389484
-0.380691
-0.286757
-0.293143
-0.307648
-0.358178
0.117165
0.082620
0.044582
-0.271891
-0.309905
-0.344178
-0.464773
-0.484917
-1.000000
-0.671718
-0.661386
-0.612844
-0.583877
-0.548121
-0.507930
0.038525
0.171935
0.486567
0.518056
0.541750
0.758918
0.763881
0.731018
0.213102
0.192155
0.165454
0.042645
-0.317827
-0.349287
-0.378355
0.100975
-0.196370
-0.210860
-0.219553
-0.194465
-0.192714
-0.094505
-0.085602
-0.579070
-0.566839
-0.554101
-0.541351
-0.528850
-0.516649
-0.504640
