-0.006494
-0.197134
-0.223838
-0.246737
-0.264793
-0.277153
-0.283183
-0.282495
-0.274960
-0.260717
-0.240169
-0.213967
-0.182993
-0.148324
-0.111198
-0.072964
0.213588
0.249773
0.282826
0.549707
0.572721
0.589147
0.624854
0.626040
0.619090
0.604028
0.319778
0.289670
0.253156
0.211290
0.165318
0.116637
-0.491608
-0.541158
-0.588816
-0.633081
-0.672556
-0.944257
-0.970598
-0.989011
-0.998915
-1.000000
-0.992233
-0.811531
-0.787070
-0.755283
-0.717153
-0.673854
-0.378076
-0.328494
-0.277953
-0.227933
0.081509
0.126272
0.166517
0.439462
0.467729
0.488954
0.502744
0.508951
0.507665
0.499205
0.484106
0.463086
0.524760
0.494651
0.461579
0.426668
0.391045
0.355803
0.321961
0.290434
0.262005
0.237304
-0.021473
-0.037512
-0.048969
-0.317287
-0.319934
-0.318652
-0.065300
-0.057708
-0.047890
-0.036520
-0.024276
-0.011807
-0.217320
-0.206115
-0.196225
-0.187962
-0.181517
-0.176959
0.064030
0.065088
0.064747
0.063358
-0.497017
-0.499219
-0.501131
-0.502293
-0.502280
-0.500723
-0.497329
-0.230524
-0.222966
-0.213298
-0.201652
-0.161632
-0.146863
-0.131144
-0.353249
-0.337214
-0.073268
-0.059265
-0.047157
-0.037477
-0.030694
-0.027185
-0.027224
-0.030966
-0.038438
-0.049539
-0.064035
-0.081575
-0.101694
-0.123836
-0.147368
-0.171608
-0.090896
0.123836
0.101694
0.081575
0.064035
0.049538
0.038438
0.030966
0.027224
0.027185
0.030694
0.037477
0.047157
0.059265
0.073269
0.088587
0.353249
0.369408
0.385127
0.161632
0.175013
0.186659
0.222966
0.230524
0.235952
0.239346
0.502280
0.502293
0.501131
0.499219
0.497017
0.494995
-0.064747
-0.065088
-0.064030
-0.061305
-0.056747
0.187962
0.196225
0.206115
0.217320
0.229416
0.241885
0.036520
0.047890
0.057708
0.065300
0.070025
0.319933
0.317287
0.310346
0.298889
0.021472
0.000960
-0.023742
-0.290434
-0.321961
-0.355803
-0.391045
-0.426668
-0.461580
-0.494652
-0.524760
-0.550824
-0.484106
-0.499205
-0.507665
-0.508951
-0.502744
-0.488954
-0.467729
-0.439461
-0.404781
-0.364535
-0.081508
-0.033444
0.016576
0.328494
0.378076
0.425227
0.717153
0.755283
0.787071
0.811531
0.827903
0.835669
0.998915
0.989011
0.970598
0.944257
0.910820
0.871344
0.588815
0.541158
0.491607
0.441715
-0.165318
-0.211290
-0.253156
-0.289671
-0.319778
-0.342651
-0.357714
-0.626040
-0.624854
-0.615786
-0.599361
-0.549707
-0.521089
-0.488036
-0.213588
-0.175663
0.111198
0.148325
0.182993
0.213967
0.240169
0.260717
0.274960
0.282495
0.283183
0.277153
0.264793
0.246737
0.223838
0.197134
0.167809
0.137148
