-0.002388
-0.131629
-0.162448
-0.183106
-0.190099
-0.180486
-0.152597
-0.350025
-0.018373
0.052147
0.383815
0.448577
0.525641
0.549388
0.787610
0.753501
0.424018
0.349164
0.269794
0.158397
-0.152763
-0.420060
-0.413017
-0.106379
-0.077895
-0.009993
-0.281692
0.012792
0.040960
0.042313
0.278184
-0.033790
-0.081898
-0.124582
-0.394172
-0.367933
-0.345421
-0.261792
0.063870
0.117382
-0.103496
0.152177
0.132233
0.288300
0.211926
0.124280
-0.228668
-0.317676
-0.585159
-0.566287
-0.245733
-0.151569
0.296563
0.674388
1.000000
0.999964
0.987309
0.920668
0.808568
0.697021
0.291166
-0.351021
-0.439717
-0.474323
-0.642332
-0.563551
-0.445207
-0.308566
0.336261
0.698197
0.726392
0.729771
0.680601
0.589382
0.513726
0.151147
-0.221848
-0.628046
-0.654447
-0.896856
-0.843709
-0.524683
-0.414148
-0.072797
-0.026258
-0.011214
-0.236010
-0.278579
-0.578941
-0.377602
-0.423765
-0.719158
-0.758210
-0.733110
-0.720161
-0.429024
-0.387508
-0.363230
-0.092664
-0.378551
-0.427583
-0.490458
-0.798514
-0.515199
-0.547106
-0.520675
-0.762452
-0.705392
-0.385115
-0.040209
0.081256
0.146893
0.188201
0.471483
0.455574
0.172370
0.116008
0.023403
-0.038237
-0.349516
-0.386086
-0.675236
-0.431993
-0.415300
-0.384846
-0.344160
-0.296830
-0.246260
0.077530
0.344160
0.384846
0.415300
0.431993
0.431962
0.413513
0.620217
0.297654
0.236014
-0.087004
-0.143366
-0.212301
-0.228210
-0.458904
-0.417595
-0.081256
0.000092
0.085580
0.202700
0.519179
0.791377
0.788804
0.486194
0.461289
0.396506
0.670856
0.378550
0.352082
0.351946
0.116807
0.429025
0.476888
0.518841
0.787214
0.759276
0.734584
0.648304
0.319523
0.262433
0.479283
0.219140
0.234183
0.072797
0.143446
0.224976
0.571431
0.653583
0.913865
0.887465
0.559073
0.456780
0.000248
-0.386227
-0.720719
-0.729771
-0.726392
-0.669192
-0.566674
-0.464827
-0.068767
0.563553
0.642332
0.667000
0.439717
0.351020
0.222808
0.076371
-0.578157
-0.949673
-0.987309
-0.999964
-0.959882
-0.877543
-0.810537
-0.456357
-0.091492
0.306869
0.325742
0.560950
0.500946
0.175426
0.058775
-0.288300
-0.340159
-0.360103
-0.139777
-0.101237
0.195548
-0.008910
0.034601
0.327815
0.365167
0.338851
0.325170
0.033789
-0.007482
-0.031030
-0.300379
-0.012792
0.038419
0.103946
0.415122
0.135383
0.171319
0.149358
0.396036
0.344294
0.029741
-0.309047
-0.424018
-0.482800
-0.516908
-0.792662
-0.768915
-0.477581
-0.412819
-0.311565
-0.241044
0.079324
0.125170
0.423761
0.190099
0.183106
0.162448
0.131629
0.094213
0.053583
