0.024832
1.000000
0.988142
0.976285
0.964427
0.952569
0.940711
0.928854
0.916996
0.905138
0.893280
0.881423
0.869565
0.857708
0.845850
0.833992
0.822134
0.810277
0.798419
0.786561
0.774703
0.762846
0.750988
0.739131
0.727273
0.715415
0.703557
0.691700
0.679842
0.667984
0.656126
0.644269
0.632411
0.620553
0.608696
0.596838
0.584980
0.573123
0.561265
0.549407
0.537549
0.525692
0.513834
0.501976
0.490118
0.478261
0.466403
0.454546
0.442688
0.430830
0.418972
0.407115
0.395257
0.383399
0.371541
0.359684
0.347826
0.335969
0.324111
0.312253
0.300395
0.288538
0.276680
0.264822
0.252964
0.241107
0.229249
0.217392
0.205534
0.193676
0.181818
0.169961
0.158103
0.146245
0.134387
0.122530
0.110672
0.098814
0.086957
0.075099
0.063241
0.051384
0.039526
0.027668
0.015810
0.003953
-0.007905
-0.019763
-0.031621
-0.043478
-0.055336
-0.067193
-0.079051
-0.090909
-0.102767
-0.114624
-0.126482
-0.138340
-0.150198
-0.162055
-0.173913
-0.185770
-0.197628
-0.209486
-0.221344
-0.233201
-0.245059
-0.256917
-0.268775
-0.280632
-0.292490
-0.304348
-0.316205
-0.328063
-0.339921
-0.351778
-0.363636
-0.375494
-0.387352
-0.399209
-0.411067
-0.422925
-0.434783
-0.446640
-0.458498
-0.470355
-0.482213
-0.494071
0.505929
0.494071
0.482213
0.470355
0.458498
0.446640
0.434783
0.422925
0.411067
0.399209
0.387352
0.375494
0.363636
0.351778
0.339921
0.328063
0.316205
0.304348
0.292490
0.280632
0.268775
0.256917
0.245059
0.233201
0.221344
0.209486
0.197628
0.185770
0.173913
0.162055
0.150198
0.138340
0.126482
0.114624
0.102767
0.090909
0.079051
0.067193
0.055336
0.043478
0.031621
0.019763
0.007905
-0.003953
-0.015810
-0.027668
-0.039526
-0.051384
-0.063241
-0.075099
-0.086957
-0.098814
-0.110672
-0.122530
-0.134387
-0.146245
-0.158103
-0.169961
-0.181818
-0.193676
-0.205534
-0.217392
-0.229249
-0.241107
-0.252964
-0.264822
-0.276680
-0.288538
-0.300395
-0.312253
-0.324111
-0.335969
-0.347826
-0.359684
-0.371541
-0.383399
-0.395257
-0.407115
-0.418972
-0.430830
-0.442688
-0.454546
-0.466403
-0.478261
-0.490118
-0.501976
-0.513834
-0.525692
-0.537549
-0.549407
-0.561265
-0.573123
-0.584980
-0.596838
-0.608696
-0.620553
-0.632411
-0.644269
-0.656126
-0.667984
-0.679842
-0.691700
-0.703557
-0.715415
-0.727273
-0.739131
-0.750988
-0.762846
-0.774703
-0.786561
-0.798419
-0.810277
-0.822134
-0.833992
-0.845850
-0.857708
-0.869565
-0.881423
-0.893280
-0.905138
-0.916996
-0.928854
-0.940711
-0.952569
-0.964427
-0.976285
-0.988142
-1.000000
