0.024948
1.000000
0.983425
0.966851
0.950277
0.933703
0.917128
0.900554
0.883979
0.867405
0.850831
0.834257
0.817682
0.801108
0.784534
0.767959
0.751385
0.734811
0.718236
0.701662
0.685088
0.668513
0.651939
0.635365
0.618790
0.602216
0.585642
0.569068
0.552493
0.535919
0.519344
0.502770
0.486196
0.469622
0.453047
0.436473
0.419898
0.403324
0.386750
0.370176
0.353601
0.337027
0.320452
0.303878
0.287304
0.270730
0.254155
0.237581
0.221007
0.204432
0.187858
0.171284
0.154709
0.138135
0.121561
0.104986
0.088412
0.071838
0.055263
0.038689
0.022115
0.005540
-0.011034
-0.027608
0.433139
0.416565
0.399991
0.383416
0.366842
0.350268
0.333693
0.317119
0.300545
0.283971
0.267396
0.250822
0.234247
0.217673
0.201099
0.184525
0.167950
0.151376
0.134801
0.118227
0.101653
0.085079
0.068504
0.051930
0.035355
0.018781
0.002207
-0.014367
-0.030942
-0.047516
-0.064090
-0.080665
-0.097239
-0.113813
-0.130388
-0.146962
-0.163536
-0.180111
-0.196685
-0.213259
-0.229834
-0.246408
-0.262982
-0.279557
-0.296131
-0.312705
-0.329280
-0.345854
-0.362428
-0.379003
-0.395577
-0.412151
-0.428726
-0.445300
-0.461874
-0.478448
-0.495023
-0.511597
-0.528172
-0.544746
-0.561320
-0.577894
-0.594469
-0.611043
0.627618
0.611043
0.594469
0.577894
0.561320
0.544746
0.528172
0.511597
0.495023
0.478448
0.461874
0.445300
0.428726
0.412151
0.395577
0.379003
0.362428
0.345854
0.329280
0.312705
0.296131
0.279557
0.262982
0.246408
0.229834
0.213259
0.196685
0.180111
0.163536
0.146962
0.130388
0.113813
0.097239
0.080665
0.064090
0.047516
0.030942
0.014367
-0.002207
-0.018781
-0.035355
-0.051930
-0.068504
-0.085079
-0.101653
-0.118227
-0.134801
-0.151376
-0.167950
-0.184525
-0.201099
-0.217673
-0.234247
-0.250822
-0.267396
-0.283971
-0.300545
-0.317119
-0.333693
-0.350268
-0.366842
-0.383416
-0.399991
-0.416565
0.044183
0.027608
0.011034
-0.005540
-0.022115
-0.038689
-0.055263
-0.071838
-0.088412
-0.104986
-0.121561
-0.138135
-0.154709
-0.171284
-0.187858
-0.204432
-0.221007
-0.237581
-0.254155
-0.270730
-0.287304
-0.303878
-0.320452
-0.337027
-0.353601
-0.370176
-0.386750
-0.403324
-0.419898
-0.436473
-0.453047
-0.469622
-0.486196
-0.502770
-0.519344
-0.535919
-0.552493
-0.569068
-0.585642
-0.602216
-0.618790
-0.635365
-0.651939
-0.668513
-0.685088
-0.701662
-0.718236
-0.734811
-0.751385
-0.767959
-0.784534
-0.801108
-0.817682
-0.834257
-0.850831
-0.867405
-0.883979
-0.900554
-0.917128
-0.933703
-0.950277
-0.966851
-0.983425
-1.000000
