0.025124
1.000000
0.976252
0.952504
0.928756
0.905008
0.881260
0.857512
0.833764
0.810016
0.786268
0.762520
0.738772
0.715024
0.691276
0.667529
0.643780
0.620033
0.596285
0.572537
0.548789
0.525041
0.501293
0.477545
0.453797
0.430049
0.406301
0.382553
0.358805
0.335057
0.311309
0.287561
0.263813
0.240065
0.216317
0.192569
0.168821
0.145073
0.121325
0.097577
0.073829
0.050081
0.026333
0.464245
0.440497
0.416749
0.393001
0.369254
0.345505
0.321758
0.298009
0.274262
0.250514
0.226766
0.203018
0.179270
0.155522
0.131774
0.108026
0.084278
0.060530
0.036782
0.013034
-0.010714
0.337844
0.314097
0.290348
0.266601
0.242853
0.219105
0.195357
0.171609
0.147861
0.124113
0.100365
0.076617
0.052869
0.029121
0.005373
-0.018375
-0.042123
-0.065871
-0.089619
-0.113367
-0.137115
-0.160863
0.277049
0.253301
0.229553
0.205805
0.182057
0.158309
0.134561
0.110813
0.087065
0.063318
0.039569
0.015822
-0.007927
-0.031674
-0.055422
-0.079170
-0.102918
-0.126666
-0.150414
-0.174162
-0.197910
-0.221658
-0.245406
-0.269154
-0.292902
-0.316650
-0.340398
-0.364146
-0.387894
-0.411642
-0.435390
-0.459138
-0.482886
-0.506634
-0.530382
-0.554130
-0.577878
-0.601626
-0.625374
-0.649122
-0.672870
-0.696617
0.720366
0.696617
0.672870
0.649122
0.625374
0.601626
0.577878
0.554130
0.530382
0.506634
0.482886
0.459138
0.435390
0.411642
0.387894
0.364146
0.340398
0.316650
0.292902
0.269154
0.245406
0.221658
0.197910
0.174162
0.150414
0.126666
0.102918
0.079170
0.055422
0.031674
0.007927
-0.015822
-0.039569
-0.063318
-0.087065
-0.110813
-0.134561
-0.158309
-0.182057
-0.205805
-0.229553
-0.253301
-0.277049
0.160863
0.137115
0.113367
0.089619
0.065871
0.042123
0.018375
-0.005373
-0.029121
-0.052869
-0.076617
-0.100365
-0.124113
-0.147861
-0.171609
-0.195357
-0.219105
-0.242853
-0.266601
-0.290348
-0.314097
0.034462
0.010714
-0.013034
-0.036782
-0.060530
-0.084278
-0.108026
-0.131774
-0.155522
-0.179270
-0.203018
-0.226766
-0.250514
-0.274262
-0.298009
-0.321758
-0.345505
-0.369254
-0.393001
-0.416749
-0.440497
-0.464245
-0.026333
-0.050081
-0.073829
-0.097577
-0.121325
-0.145073
-0.168821
-0.192569
-0.216317
-0.240065
-0.263813
-0.287561
-0.311309
-0.335057
-0.358805
-0.382553
-0.406301
-0.430049
-0.453797
-0.477545
-0.501293
-0.525041
-0.548789
-0.572537
-0.596285
-0.620033
-0.643780
-0.667529
-0.691276
-0.715024
-0.738772
-0.762520
-0.786268
-0.810016
-0.833764
-0.857512
-0.881260
-0.905008
-0.928756
-0.952504
-0.976252
-1.000000
