0.025357
1.000000
0.966748
0.933496
0.900244
0.866993
0.833741
0.800489
0.767237
0.733985
0.700733
0.667482
0.634230
0.600978
0.567726
0.534474
0.501222
0.467971
0.434719
0.401467
0.368215
0.334963
0.301711
0.268459
0.235208
0.201956
0.168704
0.135452
0.102200
0.068948
0.035696
0.002445
0.441596
0.408344
0.375092
0.341841
0.308589
0.275337
0.242085
0.208833
0.175581
0.142330
0.109078
0.435256
0.402004
0.368753
0.335501
0.302249
0.268997
0.235745
0.202493
0.169242
0.135990
0.102738
0.069486
0.036234
0.002982
-0.030269
-0.063521
-0.096773
-0.130025
-0.163277
-0.196529
-0.229780
0.499234
0.465982
0.432730
0.399479
0.366227
0.332975
0.299723
0.266471
0.233219
0.199968
0.166716
0.133464
0.100212
0.066960
0.033708
0.000457
-0.032795
-0.066047
-0.099299
-0.132551
-0.165803
-0.199054
0.127124
0.093872
0.060620
0.027369
-0.005883
-0.039135
-0.072387
-0.105639
-0.138891
-0.172142
0.267009
0.233757
0.200505
0.167253
0.134001
0.100750
0.067498
0.034246
0.000994
-0.032258
-0.065510
-0.098761
-0.132013
-0.165265
-0.198517
-0.231769
-0.265021
-0.298272
-0.331524
-0.364776
-0.398028
-0.431280
-0.464532
-0.497783
-0.531035
-0.564287
-0.597539
-0.630791
-0.664043
-0.697294
-0.730546
-0.763798
0.797050
0.763798
0.730546
0.697294
0.664043
0.630791
0.597539
0.564287
0.531035
0.497783
0.464532
0.431280
0.398028
0.364776
0.331524
0.298272
0.265021
0.231769
0.198517
0.165265
0.132013
0.098761
0.065510
0.032258
-0.000994
-0.034246
-0.067498
-0.100750
-0.134001
-0.167253
-0.200505
-0.233757
0.205394
0.172142
0.138891
0.105639
0.072387
0.039135
0.005883
-0.027369
-0.060620
-0.093872
-0.127124
0.199054
0.165803
0.132551
0.099299
0.066047
0.032795
-0.000457
-0.033708
-0.066960
-0.100212
-0.133464
-0.166716
-0.199968
-0.233219
-0.266471
-0.299723
-0.332975
-0.366227
-0.399479
-0.432730
-0.465982
0.263032
0.229780
0.196529
0.163277
0.130025
0.096773
0.063521
0.030269
-0.002982
-0.036234
-0.069486
-0.102738
-0.135990
-0.169242
-0.202493
-0.235745
-0.268997
-0.302249
-0.335501
-0.368753
-0.402004
-0.435256
-0.109078
-0.142330
-0.175581
-0.208833
-0.242085
-0.275337
-0.308589
-0.341841
-0.375092
-0.408344
0.030807
-0.002445
-0.035696
-0.068948
-0.102200
-0.135452
-0.168704
-0.201956
-0.235208
-0.268459
-0.301711
-0.334963
-0.368215
-0.401467
-0.434719
-0.467971
-0.501222
-0.534474
-0.567726
-0.600978
-0.634230
-0.667482
-0.700733
-0.733985
-0.767237
-0.800489
-0.833741
-0.866993
-0.900244
-0.933496
-0.966748
-1.000000
