0.025626
1.000000
0.955800
0.911601
0.867401
0.823202
0.779002
0.734803
0.690603
0.646404
0.602203
0.558004
0.513804
0.469605
0.425405
0.381206
0.337006
0.292807
0.333206
0.289006
0.244807
0.200607
0.156407
0.112208
0.279505
0.235306
0.191106
0.146907
0.102707
0.230416
0.186217
0.142017
0.097817
0.053618
0.009418
0.049818
0.005618
0.289239
0.245039
0.200840
0.156640
0.112441
0.068241
0.024041
-0.020158
-0.064358
-0.108557
0.058740
0.014540
-0.029659
-0.073859
-0.118058
0.353199
0.308999
0.264800
0.220600
0.176400
0.304110
0.259910
0.215711
0.171511
0.127311
0.083112
0.038912
-0.005287
-0.049487
-0.093687
-0.137886
-0.182086
-0.141686
0.025611
-0.018588
-0.062788
-0.106988
0.176633
0.132434
0.088234
0.044034
-0.000165
-0.044365
-0.088564
-0.132764
-0.176963
-0.221163
-0.265363
-0.309562
0.333604
0.289404
0.245204
0.201005
0.156805
0.112606
0.068406
0.024207
0.191504
0.147305
0.103105
0.058906
0.014706
-0.029494
-0.073693
-0.117893
-0.162093
0.309165
0.264965
0.220766
0.176566
0.132366
0.088167
0.043967
0.327588
0.283389
0.239189
0.194989
0.322698
0.278499
0.234299
0.401597
0.357397
0.313198
0.353597
0.309397
0.265197
0.220998
0.176798
0.132599
0.088399
0.044200
0.000000
-0.044200
-0.088399
-0.132599
-0.176798
-0.220998
-0.265197
-0.309397
-0.353597
-0.313198
-0.357397
-0.401597
-0.234299
-0.278499
-0.322698
-0.194989
-0.239189
-0.283388
-0.327588
-0.043967
-0.088166
-0.132366
-0.176565
-0.220765
-0.264965
-0.309165
0.162093
0.117893
0.073694
0.029494
-0.014705
-0.058905
-0.103105
-0.147304
-0.191504
-0.024206
-0.068406
-0.112606
-0.156805
-0.201005
-0.245204
-0.289404
-0.333603
0.309563
0.265363
0.221163
0.176964
0.132764
0.088565
0.044365
0.000165
-0.044034
-0.088234
-0.132433
-0.176633
0.106988
0.062788
0.018589
-0.025611
0.141687
0.182086
0.137886
0.093687
0.049487
0.005288
-0.038912
-0.083111
-0.127311
-0.171511
-0.215710
-0.259910
-0.304110
-0.176400
-0.220600
-0.264799
-0.308999
-0.353199
0.118059
0.073859
0.029659
-0.014540
-0.058740
0.108558
0.064358
0.020159
-0.024041
-0.068241
-0.112440
-0.156640
-0.200839
-0.245039
-0.289239
-0.005618
-0.049817
-0.009418
-0.053618
-0.097817
-0.142017
-0.186216
-0.230416
-0.102707
-0.146907
-0.191106
-0.235306
-0.279505
-0.112208
-0.156407
-0.200607
-0.244806
-0.289006
-0.333205
-0.292807
-0.337006
-0.381206
-0.425405
-0.469605
-0.513804
-0.558004
-0.602203
-0.646403
-0.690602
-0.734802
-0.779002
-0.823202
-0.867401
-0.911601
-0.955800
-1.000000
