0.025218
1.000000
0.972403
0.944806
0.917209
0.889613
0.862015
0.834419
0.806822
0.779225
0.751628
0.724032
0.696435
0.668838
0.641241
0.613644
0.586047
0.558451
0.530854
0.503257
0.475660
0.448063
0.420466
0.392870
0.365272
0.337676
0.310079
0.282482
0.254885
0.227289
0.199692
0.172095
0.226917
0.199320
0.171723
0.144127
0.116530
0.501028
0.473431
0.445834
0.418237
0.390641
0.363044
0.150004
0.122407
0.094810
0.067213
0.039617
0.012020
-0.015577
-0.043174
-0.070771
0.069112
0.041515
0.013918
-0.013679
-0.041276
-0.068872
-0.096469
-0.124066
-0.151663
-0.179260
-0.206857
-0.234453
0.139742
0.112146
0.084549
0.056952
0.029355
0.001758
-0.025839
-0.053435
-0.081032
-0.108629
0.275869
0.248272
0.220675
0.193079
0.165482
0.137885
0.110288
0.082691
0.055094
0.027498
-0.000099
-0.027696
0.179021
0.151424
0.123827
0.096230
0.068633
0.041037
0.013440
-0.014157
-0.041754
-0.069351
-0.014529
-0.042125
-0.069722
-0.097319
-0.124916
-0.152513
-0.180110
-0.040227
-0.067824
-0.095421
-0.123018
-0.150614
-0.178211
-0.205808
0.178690
0.151093
0.123496
0.095900
0.068303
0.040706
0.013109
-0.014488
-0.042085
-0.069681
-0.097278
-0.124875
-0.152472
-0.180069
-0.207666
-0.235262
-0.262859
-0.290456
0.318053
0.290456
0.262859
0.235262
0.207666
0.180069
0.152472
0.124875
0.097278
0.069681
0.042085
0.014488
-0.013109
-0.040706
-0.068303
-0.095900
-0.123496
-0.151093
-0.178690
0.205808
0.178212
0.150615
0.123018
0.095421
0.067824
0.040227
0.180110
0.152513
0.124916
0.097319
0.069723
0.042125
0.096948
0.069351
0.041754
0.014157
-0.013439
-0.041037
-0.068633
-0.096230
-0.123827
-0.151424
-0.179020
0.027696
0.000099
-0.027497
-0.055094
-0.082691
-0.110288
-0.137885
-0.165482
-0.193078
-0.220675
-0.248272
-0.275869
0.108629
0.081033
0.053436
0.025839
-0.001758
-0.029355
-0.056952
-0.084548
-0.112145
0.262051
0.234454
0.206857
0.179260
0.151663
0.124066
0.096470
0.068873
0.041276
0.013679
-0.013918
-0.041515
-0.069111
0.070771
0.043174
0.015577
-0.012020
-0.039616
-0.067213
-0.094810
-0.122407
-0.150004
-0.363043
-0.390640
-0.418237
-0.445834
-0.473431
-0.501028
-0.116529
-0.144126
-0.171723
-0.199320
-0.144498
-0.172095
-0.199691
-0.227288
-0.254885
-0.282482
-0.310079
-0.337676
-0.365272
-0.392870
-0.420466
-0.448063
-0.475660
-0.503257
-0.530853
-0.558450
-0.586047
-0.613644
-0.641241
-0.668838
-0.696434
-0.724031
-0.751628
-0.779225
-0.806822
-0.834419
-0.862015
-0.889612
-0.917209
-0.944806
-0.972403
-1.000000
