0.024985
1.000000
0.981906
0.963811
0.945717
0.927623
0.909528
0.891434
0.873339
0.855245
0.837151
0.819057
0.800962
0.782868
0.764773
0.746679
0.728585
0.710490
0.692396
0.674302
0.656207
0.638113
0.620019
0.601924
0.583830
0.565736
0.547641
0.529547
0.511452
0.493358
0.475264
0.457169
0.439075
0.420981
0.402886
0.384792
0.366697
0.348603
0.330509
0.312415
0.294320
0.276226
0.258132
0.240037
0.221943
0.203848
0.185754
0.167660
0.149565
0.131471
0.113377
0.095282
0.077188
0.059094
0.040999
0.022905
0.004810
0.089331
0.071237
0.053143
0.035048
0.016954
-0.001141
-0.019235
0.475747
0.457652
0.439558
0.421464
0.403369
0.385275
0.367181
0.349086
0.330992
0.312898
0.063919
0.045825
0.027730
0.009636
-0.008458
-0.026553
-0.044647
-0.062741
-0.080836
-0.098930
-0.117025
-0.135119
0.055305
0.037211
0.019117
0.001023
-0.017072
-0.035166
-0.053261
-0.071355
-0.089450
-0.107543
-0.125638
-0.143732
-0.161827
-0.179921
-0.198015
-0.216110
-0.234204
0.145336
0.127241
0.109147
0.091052
0.072958
0.054864
0.036769
0.018675
0.000581
-0.017514
-0.035608
0.048913
0.030818
0.012724
-0.005370
-0.023465
-0.041559
-0.059653
-0.077748
-0.095842
-0.113936
-0.132031
-0.150125
-0.168220
-0.186314
0.308668
0.290573
0.272479
0.254384
0.236290
0.218196
0.200101
0.182007
0.163913
0.145818
0.127724
0.109630
0.091535
0.073441
0.055347
0.037252
0.019158
0.001063
-0.017031
-0.266009
-0.284104
-0.302198
-0.320292
-0.338387
-0.356481
-0.374576
-0.392670
-0.410764
-0.428858
-0.446953
-0.465047
-0.483142
-0.501236
-0.519330
-0.537425
-0.555519
-0.573613
-0.591708
-0.609802
-0.627896
-0.645991
-0.664085
-0.682180
0.133475
0.115380
0.097286
0.079192
0.061097
0.043003
0.024908
0.006814
-0.011280
-0.029375
-0.047469
-0.065563
-0.083658
-0.101752
-0.119846
-0.137941
-0.156035
-0.174129
-0.192224
-0.210318
-0.228413
0.266569
0.248475
0.230380
0.212286
0.194192
0.176097
0.158003
0.139909
0.121814
0.103720
0.085626
0.067531
0.049437
0.428976
0.410882
0.392788
0.374693
0.356599
0.338505
0.320410
0.302316
0.284221
0.266127
0.248033
0.229939
0.211844
0.193750
0.175655
-0.073323
-0.091418
-0.109512
-0.127606
-0.145700
-0.163795
-0.181889
-0.199984
-0.115463
-0.133557
-0.151651
-0.169746
-0.187840
-0.205935
-0.224029
-0.242123
-0.260217
-0.278312
-0.296406
-0.314501
-0.332595
-0.350690
-0.368783
-0.386878
-0.404972
-0.423067
-0.441161
-0.459256
-0.477350
-0.495444
-0.513538
-0.531633
-0.549727
-0.567822
-0.585916
-0.604010
