0.023579
0.944952
0.929110
0.913268
0.897426
0.881584
0.865741
0.849900
0.834057
0.818215
0.802373
0.786531
0.770689
0.754847
0.739005
0.723163
0.707320
0.691478
0.675636
0.659795
0.643952
0.628110
0.612268
0.596426
0.580584
0.564741
0.548899
0.533058
0.517215
0.501373
0.485531
0.469689
0.453847
0.438005
0.422162
0.406321
0.390478
0.374636
0.358794
0.342952
0.327110
0.311268
0.295425
0.279584
0.263741
0.247899
0.232057
0.216215
0.200373
0.184531
0.168689
0.152847
0.137004
0.121162
0.105321
0.089478
0.073636
0.225355
0.209514
0.193672
0.177829
0.161987
0.146145
0.130303
0.952268
0.936426
0.920585
0.904742
0.888900
0.873058
0.857216
0.841374
0.825532
0.809690
0.416834
0.400992
0.385150
0.369308
0.353466
0.337624
0.321781
0.305939
0.290097
0.274255
0.258413
0.242571
0.567221
0.551380
0.535537
0.519695
0.503853
0.488011
0.472169
0.456327
0.440484
0.424643
0.408800
0.392958
0.377116
0.361274
0.345432
0.329590
0.313747
-0.456121
-0.471964
-0.487806
-0.503648
-0.519490
-0.535332
-0.551174
-0.567017
-0.582858
-0.598701
-0.614542
-0.462824
-0.478665
-0.494507
-0.510349
-0.526192
-0.542033
-0.557876
-0.573718
-0.589561
-0.605402
-0.621244
-0.637086
-0.652929
-0.668770
0.153195
0.137352
0.121510
0.105669
0.089827
0.073984
0.058142
0.042300
0.026458
0.010616
-0.005227
-0.021068
-0.036910
-0.052753
-0.068595
-0.084437
-0.100279
-0.116121
-0.131963
-0.524819
-0.540661
-0.556503
-0.572345
-0.588187
-0.604029
-0.619872
-0.635713
-0.651556
-0.667397
-0.683240
-0.699082
-0.714924
-0.730766
-0.746609
-0.762450
-0.778292
-0.794134
-0.809977
-0.825819
-0.841661
-0.857503
-0.873345
-0.889187
0.456409
0.440566
0.424724
0.408883
0.393040
0.377198
0.361355
0.345514
0.329672
0.313830
0.297987
0.282146
0.266303
0.250461
0.234619
0.218777
0.202935
0.187093
0.171250
0.155409
0.139566
0.961532
0.945690
0.929848
0.914006
0.898164
0.882321
0.866480
0.850637
0.834795
0.818953
0.803111
0.787269
0.771427
0.001557
-0.014285
-0.030127
-0.045969
-0.061811
-0.077653
-0.093495
-0.109337
-0.125180
-0.141022
-0.156864
-0.172706
-0.188548
-0.204390
-0.220232
-0.613088
-0.628930
-0.644772
-0.660614
-0.676456
-0.692299
-0.708140
-0.723982
-0.572263
-0.588106
-0.603947
-0.619789
-0.635631
-0.651474
-0.667316
-0.683158
-0.699000
-0.714842
-0.730684
-0.746526
-0.762368
-0.778211
-0.794053
-0.809895
-0.825737
-0.841579
-0.857421
-0.873263
-0.889105
-0.904948
-0.920789
-0.936632
-0.952473
-0.968316
-0.984158
-1.000000
