0.025155
1.000000
0.974991
0.949983
0.924974
0.899966
0.874957
0.849948
0.824940
0.799931
0.774923
0.749914
0.724905
0.699897
0.674888
0.649880
0.624871
0.599862
0.574854
0.549845
0.524836
0.499828
0.474819
0.449811
0.424802
0.399794
0.374785
0.349776
0.324768
0.299759
0.274751
0.249742
0.224733
0.199725
0.174716
0.149708
0.124699
0.099690
0.074682
0.049673
0.024665
-0.000344
-0.025353
-0.050361
-0.075370
-0.100379
-0.125387
-0.150396
-0.175404
-0.200413
-0.225421
-0.250430
-0.018601
-0.043609
-0.068618
-0.093626
-0.118635
0.113195
0.088186
0.063177
0.038169
0.013160
-0.011848
-0.036857
0.190285
0.165276
0.140268
0.115259
0.090250
0.065242
0.040233
0.015225
-0.009784
-0.034793
0.197037
0.172028
0.147020
0.122011
0.097003
0.071994
0.046985
0.021977
-0.003032
-0.028041
-0.053049
-0.078058
0.153772
0.128763
0.103755
0.078746
0.053737
0.028729
0.003720
-0.021288
-0.046297
-0.071306
-0.096314
-0.121323
-0.146332
-0.171340
-0.196349
-0.221357
-0.246366
0.242302
0.217293
0.192285
0.167276
0.142267
0.117259
0.092250
0.067241
0.042233
0.017224
-0.007784
0.224045
0.199037
0.174028
0.149020
0.124011
0.099002
0.073994
0.048985
0.023977
-0.001032
-0.026041
-0.051049
-0.076058
-0.101066
0.126075
0.101066
0.076058
0.051049
0.026041
0.001032
-0.023976
-0.048985
-0.073994
-0.099002
-0.124011
-0.149020
-0.174028
-0.199037
-0.224045
-0.249054
-0.274062
-0.299071
-0.324080
-0.092250
-0.117259
-0.142267
-0.167276
-0.192285
-0.217293
-0.242302
-0.010472
-0.035481
-0.060489
-0.085498
-0.110507
-0.135515
-0.160524
-0.185532
-0.210541
-0.235550
-0.260558
-0.285567
-0.310575
-0.335584
-0.360593
-0.385601
-0.410610
0.334896
0.309887
0.284879
0.259870
0.234861
0.209853
0.184844
0.159836
0.134827
0.109818
0.084810
0.059801
0.034793
0.009784
-0.015224
-0.040233
-0.065242
-0.090250
-0.115259
-0.140267
-0.165276
0.061866
0.036857
0.011849
-0.013160
-0.038169
-0.063177
-0.088186
-0.113195
-0.138203
-0.163212
-0.188220
-0.213229
-0.238237
0.250430
0.225422
0.200413
0.175404
0.150396
0.125387
0.100379
0.075370
0.050361
0.025353
0.000344
-0.024665
-0.049673
-0.074682
-0.099690
0.132139
0.107131
0.082122
0.057113
0.032105
0.007096
-0.017912
-0.042921
0.188908
0.163900
0.138891
0.113882
0.088874
0.063865
0.038857
0.013848
-0.011160
-0.036169
-0.061177
-0.086186
-0.111195
-0.136203
-0.161212
-0.186221
-0.211229
-0.236238
-0.261246
-0.286255
-0.311264
-0.336272
-0.361280
-0.386289
-0.411298
-0.436307
-0.461315
-0.486324
