-0.031138
-0.630665
-0.642275
-0.653855
-0.665395
-0.676887
-0.688320
-0.699684
-0.710969
-0.722168
-0.733268
-0.744262
-0.755139
-0.765890
-0.776505
-0.786977
-0.797295
-0.807450
-0.817434
-0.827238
-0.836851
-0.846269
-0.855479
-0.864474
-0.873246
-0.881788
-0.890091
-0.898146
-0.905947
-0.913486
-0.920756
-0.927749
-0.934458
-0.940876
-0.946998
-0.952815
-0.958322
-0.963514
-0.968382
-0.972923
-0.977130
-0.980998
-0.984521
-0.987696
-0.990516
-0.992979
-0.995079
-0.996812
-0.998173
-0.999161
-0.999771
-1.000000
-0.999845
-0.999303
-0.998372
-0.997050
-0.995334
-0.993223
-0.990714
-0.987808
-0.984502
-0.980796
-0.976689
-0.972181
-0.967272
-0.961962
-0.956250
-0.950140
-0.943629
-0.936721
-0.929415
-0.921714
-0.913619
-0.905133
-0.896258
-0.886996
-0.877350
-0.867323
-0.856918
-0.846140
-0.834990
-0.823473
-0.811593
-0.799356
-0.786764
-0.773824
-0.760538
-0.746915
-0.732957
-0.718672
-0.704063
-0.689139
-0.673905
-0.658367
-0.642531
-0.626405
-0.609995
-0.593309
-0.576352
-0.559134
-0.541662
-0.523942
-0.505983
-0.487794
-0.469381
-0.450755
-0.431920
-0.412890
-0.393669
-0.374268
-0.354696
-0.334961
-0.315072
-0.295040
-0.274872
-0.254578
-0.234167
-0.213650
-0.193034
-0.172332
-0.151551
-0.130701
-0.109792
-0.088835
-0.067837
-0.046811
-0.025764
-0.004709
0.016347
0.037394
0.058421
0.079418
0.100375
0.121284
0.142134
0.162915
0.183617
0.204233
0.224750
0.245161
0.265455
0.285623
0.305655
0.325544
0.345279
0.364851
0.384252
0.403473
0.422504
0.441338
0.459965
0.478377
0.496566
0.514525
0.532245
0.549717
0.566935
0.583892
0.600578
0.616988
0.633114
0.648950
0.664488
0.679722
0.694646
0.709255
0.723540
0.737498
0.751122
0.764407
0.777347
0.789939
0.802176
0.814056
0.825573
0.836723
0.847501
0.857906
0.867933
0.877579
0.886841
0.895716
0.904202
0.912297
0.919998
0.927304
0.934212
0.940723
0.946833
0.952545
0.957855
0.962765
0.967272
0.971379
0.975085
0.978391
0.981297
0.983806
0.985917
0.987633
0.988955
0.989886
0.990428
0.990583
0.990354
0.989744
0.988756
0.987394
0.985662
0.983562
0.981099
0.978279
0.975104
0.971581
0.967712
0.963505
0.958965
0.954097
0.948905
0.943398
0.937581
0.931459
0.925041
0.918332
0.911339
0.904070
0.896530
0.888729
0.880673
0.872371
0.863829
0.855057
0.846062
0.836851
0.827434
0.817821
0.808017
0.798033
0.787878
0.777560
0.767088
0.756473
0.745722
0.734844
0.723850
0.712751
0.701552
0.690267
0.678903
0.667470
0.655978
0.644438
0.632858
0.621248
0.609618
0.597980
