-0.032799
-0.677228
-0.694750
-0.712145
-0.729372
-0.746389
-0.763156
-0.779631
-0.795776
-0.811551
-0.826918
-0.841840
-0.856280
-0.870202
-0.883573
-0.896360
-0.908530
-0.920053
-0.930901
-0.941045
-0.950458
-0.959118
-0.966999
-0.974082
-0.980346
-0.985774
-0.990350
-0.994058
-0.996888
-0.998826
-0.999866
-1.000000
-0.999222
-0.997532
-0.994925
-0.991403
-0.986969
-0.981628
-0.975385
-0.968248
-0.960227
-0.951334
-0.941582
-0.930987
-0.919564
-0.907332
-0.894312
-0.880525
-0.865992
-0.850740
-0.834793
-0.818179
-0.800924
-0.783060
-0.764615
-0.745621
-0.726111
-0.706117
-0.685672
-0.664812
-0.643571
-0.621986
-0.600091
-0.577923
-0.555517
-0.532912
-0.510144
-0.487248
-0.464262
-0.441222
-0.418163
-0.395121
-0.372132
-0.349230
-0.326449
-0.303822
-0.281381
-0.259159
-0.237185
-0.215490
-0.194102
-0.173049
-0.152356
-0.132049
-0.112152
-0.092687
-0.073674
-0.055134
-0.037083
-0.019540
-0.002517
0.013971
0.029912
0.045297
0.060118
0.074367
0.088040
0.101134
0.113646
0.125578
0.136930
0.147707
0.157914
0.167556
0.176643
0.185184
0.193192
0.200678
0.207658
0.214146
0.220162
0.225722
0.230847
0.235557
0.239876
0.243826
0.247432
0.250719
0.253713
0.256440
0.258929
0.261208
0.263306
0.265252
0.267077
0.268810
0.270481
0.272122
-0.284764
-0.283092
-0.281360
-0.279535
-0.277589
-0.275491
-0.273212
-0.270723
-0.267995
-0.265002
-0.261715
-0.258109
-0.254159
-0.249840
-0.245130
-0.240005
-0.234445
-0.228429
-0.221940
-0.214961
-0.207475
-0.199467
-0.190926
-0.181839
-0.172196
-0.161990
-0.151213
-0.139861
-0.127929
-0.115416
-0.102323
-0.088650
-0.074400
-0.059580
-0.044195
-0.028253
-0.011766
0.005257
0.022800
0.040851
0.059391
0.078404
0.097869
0.117767
0.138074
0.158766
0.179820
0.201208
0.222903
0.244876
0.267098
0.289539
0.312166
0.334948
0.357850
0.380838
0.403880
0.426939
0.449979
0.472966
0.495861
0.518630
0.541235
0.563640
0.585808
0.607703
0.629289
0.650530
0.671390
0.691834
0.711828
0.731338
0.750332
0.768777
0.786642
0.803896
0.820510
0.836457
0.851710
0.866242
0.880029
0.893050
0.905281
0.916704
0.927299
0.937051
0.945944
0.953965
0.961102
0.967346
0.972687
0.977121
0.980642
0.983249
0.984940
0.985717
0.985583
0.984544
0.982605
0.979775
0.976067
0.971492
0.966064
0.959799
0.952716
0.944835
0.936175
0.926762
0.916618
0.905771
0.894247
0.882077
0.869291
0.855920
0.841997
0.827557
0.812635
0.797269
0.781493
0.765348
0.748873
0.732106
0.715089
0.697862
0.680467
0.662946
0.645339
0.627691
