-0.035064
-0.831989
-0.847331
-0.862397
-0.877095
-0.891336
-0.905035
-0.918106
-0.930467
-0.942041
-0.952752
-0.962528
-0.971303
-0.979013
-0.985600
-0.991011
-0.995196
-0.998114
-0.999726
-1.000000
-0.998909
-0.996432
-0.992555
-0.987269
-0.980569
-0.972460
-0.962948
-0.952048
-0.939779
-0.926167
-0.911240
-0.895035
-0.877591
-0.858954
-0.839172
-0.818298
-0.796390
-0.773508
-0.749714
-0.725077
-0.699665
-0.673549
-0.646801
-0.619497
-0.591711
-0.563519
-0.534998
-0.506224
-0.477271
-0.448216
-0.419132
-0.390090
-0.361161
-0.332412
-0.303910
-0.275716
-0.247891
-0.220490
-0.193565
-0.167167
-0.141338
-0.116121
-0.091552
-0.067661
-0.044477
-0.022022
-0.000314
0.020633
0.040811
0.060216
0.078848
0.096713
0.113819
0.130181
0.145816
0.160747
0.174999
0.188601
0.201586
0.213989
0.225850
0.237209
0.248110
0.258598
0.268720
0.278524
-0.417257
-0.407937
-0.398783
-0.389746
-0.380772
-0.371813
-0.362819
-0.353741
-0.344533
-0.335149
-0.325545
-0.315681
-0.305516
-0.295017
-0.284148
-0.272879
-0.261183
-0.249037
-0.236419
-0.223313
-0.209705
-0.195587
-0.180950
-0.165794
-0.150120
-0.133933
-0.117241
-0.100058
-0.082398
-0.064281
-0.045727
-0.026764
-0.007418
0.012280
0.032298
0.052599
0.073148
0.093906
0.114833
0.135886
0.157026
0.178207
-0.183344
-0.162204
-0.141151
-0.120224
-0.099467
-0.078918
-0.058616
-0.038598
-0.018900
0.000446
0.019409
0.037963
0.056080
0.073740
0.090923
0.107615
0.123802
0.139476
0.154632
0.169268
0.183387
0.196995
0.210101
0.222719
0.234865
0.246561
0.257830
0.268699
0.279198
0.289362
0.299226
0.308830
0.318214
0.327423
0.336500
0.345495
0.354453
0.363427
0.372465
0.381619
0.390939
0.400476
0.410280
-0.284916
-0.274428
-0.263527
-0.252168
-0.240308
-0.227904
-0.214919
-0.201317
-0.187065
-0.172134
-0.156499
-0.140137
-0.123031
-0.105167
-0.086535
-0.067130
-0.046952
-0.026004
-0.004297
0.018159
0.041343
0.065234
0.089803
0.115020
0.140849
0.167248
0.194171
0.221573
0.249398
0.277592
0.306094
0.334843
0.363772
0.392814
0.421898
0.450953
0.479905
0.508680
0.537201
0.565393
0.593178
0.620483
0.647230
0.673346
0.698759
0.723396
0.747189
0.770071
0.791980
0.812854
0.832636
0.851273
0.868717
0.884921
0.899848
0.913461
0.925730
0.936629
0.946142
0.954251
0.960951
0.966237
0.970114
0.972590
0.973681
0.973408
0.971796
0.968878
0.964693
0.959282
0.952695
0.944985
0.936210
0.926433
0.915723
0.904149
0.891787
0.878716
0.865018
0.850776
0.836079
0.821014
0.805671
0.790143
0.774523
