-0.035605
-0.873181
-0.899995
-0.924770
-0.946885
-0.965772
-0.980924
-0.991903
-0.998353
-1.000000
-0.996660
-0.988242
-0.974748
-0.956272
-0.932999
-0.905197
-0.873212
-0.837462
-0.798427
-0.756634
-0.712653
-0.667081
-0.620527
-0.573605
-0.526917
-0.481042
-0.436523
-0.393860
-0.353496
-0.315810
-0.281111
-0.249630
-0.221520
-0.196851
-0.175610
-0.157705
-0.142964
-0.131145
-0.121940
-0.114982
-0.109854
-0.106105
-0.103251
-0.512808
-0.510245
-0.507078
-0.502831
-0.497052
-0.489332
-0.479310
-0.466679
-0.451197
-0.432690
-0.411055
-0.386263
-0.358359
-0.327462
-0.293758
-0.257497
-0.218991
-0.178599
-0.136725
-0.093804
-0.050293
-0.533655
-0.490370
-0.447890
-0.406651
-0.367057
-0.329467
-0.294193
-0.261488
-0.231539
-0.204465
-0.180313
-0.159055
-0.140590
-0.124746
-0.111282
-0.099895
-0.090225
-0.081864
-0.074365
-0.067253
-0.060033
-0.052206
-0.455290
-0.444777
-0.432231
-0.417240
-0.399440
-0.378528
-0.354263
-0.326479
-0.295088
-0.260080
-0.221530
-0.179595
-0.134509
-0.086588
-0.036214
0.016165
0.070046
0.124878
0.180080
0.235041
0.289148
0.341781
0.392341
0.440253
0.484983
0.526045
0.563018
0.595549
0.623364
0.646274
0.664178
0.677069
0.685032
0.688245
0.686975
0.681575
0.672475
0.660177
0.645243
0.628286
0.609960
0.590941
-0.653055
-0.671381
-0.688338
-0.703272
-0.715570
-0.724670
-0.730070
-0.731340
-0.728127
-0.720164
-0.707273
-0.689369
-0.666459
-0.638644
-0.606113
-0.569140
-0.528077
-0.483348
-0.435435
-0.384875
-0.332242
-0.278136
-0.223174
-0.167973
-0.113140
-0.059260
-0.006881
0.043493
0.091415
0.136500
0.178436
0.216986
0.251993
0.283385
0.311168
0.335433
0.356345
0.374145
0.389136
0.401682
0.412195
0.421126
0.428953
0.024159
0.031271
0.038769
0.047130
0.056800
0.068187
0.081651
0.097495
0.115960
0.137218
0.161371
0.188445
0.218393
0.251099
0.286372
0.323962
0.363557
0.404796
0.447276
0.490560
0.534193
0.050709
0.093631
0.135505
0.175897
0.214403
0.250663
0.284367
0.315265
0.343168
0.367960
0.389595
0.408102
0.423584
0.436215
0.446238
0.453957
0.459736
0.463984
0.467150
0.469713
0.472170
0.475024
0.066759
0.071886
0.078845
0.088051
0.099869
0.114610
0.132516
0.153757
0.178426
0.206536
0.238016
0.272715
0.310401
0.350766
0.393428
0.437947
0.483823
0.530510
0.577432
0.623986
0.669558
0.713539
0.755332
0.794368
0.830118
0.862102
0.889905
0.913178
0.931653
0.945147
0.953565
0.956905
0.955258
0.948809
0.937829
0.922677
0.903790
0.881675
0.856901
0.830086
0.801889
0.772994
