-0.037537
-0.916985
-0.938100
-0.957069
-0.973257
-0.986091
-0.995080
-0.999819
-1.000000
-0.995417
-0.985963
-0.971640
-0.952543
-0.928863
-0.900875
-0.868926
-0.833427
-0.794833
-0.753636
-0.710345
-0.665471
-0.619519
-0.572968
-0.526264
-0.479806
-0.433946
-0.388973
-0.345116
-0.302545
-0.261361
-0.221614
-0.183295
-0.620586
-0.584917
-0.550399
-0.516882
-0.484204
-0.452197
-0.420697
-0.389552
-0.358627
-0.327811
-0.297018
-0.470522
-0.439632
-0.408680
-0.377691
-0.346712
-0.315809
-0.285058
-0.254544
-0.224350
-0.194555
-0.165229
-0.136422
-0.108168
-0.080480
-0.053342
-0.026718
-0.000547
0.025256
0.050792
0.076180
0.101546
-0.676668
-0.650943
-0.624844
-0.598254
-0.571070
-0.543212
-0.514616
-0.485247
-0.455093
-0.424165
-0.392499
-0.360148
-0.327182
-0.293682
-0.259733
-0.225422
-0.190827
-0.156015
-0.121037
-0.085920
-0.050667
-0.015252
-0.183953
-0.148023
-0.111685
-0.074809
-0.037244
0.001170
0.040596
0.081194
0.123110
0.166467
-0.262883
-0.216410
-0.168351
-0.118756
-0.067734
-0.015456
0.037843
0.091869
0.146268
0.200633
0.254515
0.307429
0.358868
0.408313
0.455252
0.499187
0.539658
0.576250
0.608609
0.636456
0.659595
0.677923
0.691437
0.700235
0.704520
0.704593
0.700854
0.693789
0.683965
0.672011
0.658608
0.644471
-0.716052
-0.729454
-0.741409
-0.751234
-0.758298
-0.762037
-0.761964
-0.757679
-0.748881
-0.735367
-0.717039
-0.693900
-0.666053
-0.633693
-0.597102
-0.556631
-0.512695
-0.465757
-0.416312
-0.364873
-0.311958
-0.258076
-0.203711
-0.149313
-0.095287
-0.041988
0.010290
0.061312
0.110908
0.158967
0.205439
0.250328
-0.180554
-0.138638
-0.098040
-0.058614
-0.020200
0.017365
0.054242
0.090579
0.126509
0.162141
0.197555
0.028477
0.063594
0.098572
0.133383
0.167978
0.202290
0.236238
0.269738
0.302704
0.335055
0.366721
0.397649
0.427803
0.457172
0.485768
0.513627
0.540810
0.567400
0.593499
0.619224
0.644704
-0.133623
-0.108236
-0.082700
-0.056897
-0.030725
-0.004102
0.023036
0.050725
0.078978
0.107785
0.137112
0.166906
0.197100
0.227614
0.258365
0.289268
0.320247
0.351236
0.382188
0.413078
0.443906
0.474699
0.301183
0.332108
0.363253
0.394753
0.426760
0.459438
0.492955
0.527473
0.563142
0.600089
0.164170
0.203918
0.245101
0.287673
0.331529
0.376502
0.422363
0.468820
0.515524
0.562075
0.608028
0.652901
0.696193
0.737390
0.775983
0.811483
0.843431
0.871419
0.895099
0.914196
0.928519
0.937973
0.942556
0.942375
0.937636
0.928646
0.915812
0.899625
0.880657
0.859541
0.836965
0.813651
