-0.036025
-0.905442
-0.934607
-0.959728
-0.979645
-0.993347
-1.000000
-0.998975
-0.989855
-0.972447
-0.946780
-0.913102
-0.871861
-0.823692
-0.769380
-0.709845
-0.646097
-0.579209
-0.510275
-0.440382
-0.370571
-0.301811
-0.234970
-0.170794
-0.109894
-0.052731
0.000389
0.049309
0.094023
-0.275895
-0.239086
-0.205750
-0.175449
-0.147683
-0.121914
-0.097587
-0.074149
-0.382539
-0.359336
-0.335572
-0.310876
-0.284949
-0.257567
-0.228581
-0.197918
-0.165572
-0.131599
-0.096109
-0.059255
-0.021226
0.017765
0.057494
-0.187490
-0.146985
-0.106428
-0.066028
-0.025973
-0.396989
-0.358111
-0.320020
-0.282814
-0.246571
-0.211346
-0.177171
-0.144057
-0.111993
-0.080947
-0.050863
-0.021666
0.006746
0.034497
0.061731
0.088620
0.115353
-0.189329
-0.162271
-0.134710
-0.106412
-0.077152
-0.046716
-0.014917
0.018398
0.053341
0.089968
0.128272
0.168178
-0.493937
-0.451344
-0.407819
-0.363733
-0.319519
-0.275668
-0.232706
-0.191186
-0.151662
-0.114675
-0.080721
-0.050241
-0.023588
-0.001013
0.017356
0.031526
0.041652
-0.237174
-0.234060
-0.233612
-0.235083
-0.237605
-0.240209
-0.241853
-0.572918
-0.569377
-0.561623
-0.548645
-0.940080
-0.914032
-0.880420
-0.838798
-0.788917
-0.730748
-0.664484
-0.590541
-0.509551
-0.422345
-0.329933
-0.233480
-0.134263
-0.033645
0.066975
0.166191
0.262645
0.355056
0.442262
0.523252
0.597195
0.663459
0.721628
0.771508
0.813131
0.846742
0.872791
0.891910
0.904887
0.502087
0.505629
0.506029
0.504385
0.170316
0.167794
0.166323
0.166771
0.169885
0.176274
0.186400
-0.084645
-0.066277
-0.043702
-0.017048
0.013432
0.047385
0.084373
0.123897
0.165417
0.208379
0.252230
0.296443
0.340529
0.384055
0.426648
0.468010
0.507917
-0.157257
-0.120631
-0.085688
-0.052372
-0.020573
0.009863
0.039123
0.067421
0.094982
0.122039
0.148824
0.175556
-0.129021
-0.101786
-0.074036
-0.045624
-0.016426
0.013657
0.044704
0.076768
0.109882
0.144057
0.179282
0.215525
0.252731
0.290822
0.329699
0.369238
0.409293
0.039139
0.079695
0.120200
0.160432
0.200160
-0.046063
-0.008034
0.028819
0.064310
0.098283
0.130629
0.161292
0.190277
0.217659
0.243586
0.268283
0.292047
0.315250
0.338325
0.361763
0.054625
0.080394
0.108159
0.138461
0.171797
0.208606
0.249242
0.293956
-0.067678
-0.014558
0.042605
0.103505
0.167680
0.234522
0.303282
0.373093
0.442986
0.511920
0.578807
0.642555
0.702090
0.756402
0.804572
0.845813
0.879490
0.905157
0.922565
0.931686
0.932710
0.926057
0.912355
0.892439
0.867317
0.838153
0.806225
0.772895
