-0.035518
-0.819088
-0.877672
-0.926935
-0.964650
-0.989270
-1.000000
-0.996829
-0.980502
-0.952447
-0.914651
-0.869510
-0.819643
-0.767708
-0.716211
-0.667335
-0.622793
-0.583729
-0.550649
-0.523418
-0.501292
-0.483006
-0.466893
-0.451037
-0.561222
-0.540003
-0.513523
-0.480560
-0.440416
-0.392984
-0.338782
-0.278929
-0.215073
-0.149282
-0.083900
-0.021380
0.035900
-0.084630
-0.043821
-0.013288
0.006427
0.015473
0.014691
0.005567
-0.009865
-0.029153
-0.049597
-0.196202
-0.210775
-0.218753
-0.218266
-0.208041
-0.524241
-0.493500
-0.453415
-0.405486
-0.351750
-0.294642
-0.236813
-0.180947
-0.129561
-0.084833
-0.048438
-0.021432
-0.004175
0.003693
0.003229
-0.003893
-0.015496
-0.029061
-0.169681
-0.179153
-0.182819
-0.178639
-0.335552
-0.311839
-0.277801
-0.234024
-0.181783
-0.122946
-0.059852
0.004855
0.068407
0.128102
0.181490
0.226535
-0.084100
-0.059552
-0.045820
-0.042366
-0.048008
-0.061024
-0.079281
-0.100399
-0.249701
-0.269294
-0.284884
-0.294821
-0.297990
-0.293871
-0.282571
-0.264787
-0.241742
-0.551819
-0.523411
-0.495262
-0.469284
-0.447147
-0.430113
-0.418930
-0.584166
-0.584444
-0.589057
-0.596290
-0.603961
-0.609565
-0.610443
-0.731750
-0.715542
-0.687605
-0.646512
-0.591518
-0.522635
-0.440657
-0.347130
-0.244283
-0.134893
-0.022131
0.090631
0.200020
0.302867
0.396393
0.478372
0.547255
0.602249
0.643341
0.671278
0.687486
0.693954
0.693076
0.559697
0.552027
0.544793
0.540180
0.539902
0.545101
0.556285
0.402883
0.425020
0.450998
0.479148
0.507556
0.534230
0.557274
0.238307
0.249607
0.253726
0.250558
0.240620
0.225030
0.205437
0.183909
0.162792
0.016760
0.003744
-0.001898
0.001557
0.015288
0.039836
0.075054
0.120099
-0.172365
-0.112670
-0.049118
0.015589
0.078683
0.137519
0.189761
0.233537
0.267576
0.291288
0.304810
0.308990
0.134889
0.125417
0.112572
0.099007
-0.040371
-0.047493
-0.047957
-0.040089
-0.022832
0.004175
0.040570
0.085298
0.136684
0.192550
0.250378
0.307487
0.361223
0.409152
0.449236
0.479977
0.500528
0.510754
0.174489
0.166511
0.151938
0.133107
0.112664
-0.034399
-0.049830
-0.058955
-0.059737
-0.050691
-0.030975
-0.000443
0.040366
0.090271
0.147551
0.039637
0.105019
0.170809
0.234666
0.294519
0.348720
0.396152
0.436297
0.469260
0.495739
0.516958
0.534548
0.550404
0.438743
0.457029
0.479155
0.506386
0.539465
0.578529
0.623071
0.671948
0.723445
0.775379
0.825247
0.870388
0.908184
0.936239
0.952566
0.955736
0.945006
0.920386
0.882671
0.833408
0.774825
0.709698
0.641200
