-0.037736
-0.963939
-0.970205
-0.976145
-0.981653
-0.986626
-0.990960
-0.994559
-0.997325
-0.999168
-1.000000
-0.999739
-0.998307
-0.995632
-0.991647
-0.986292
-0.979511
-0.971258
-0.961491
-0.950176
-0.937285
-0.922797
-0.906700
-0.888987
-0.869659
-0.848724
-0.826198
-0.802100
-0.776463
-0.749318
-0.720708
-0.690682
-0.659291
-0.626595
-0.592659
-0.557550
-0.521343
-0.484114
-0.445946
-0.406921
-0.367128
-0.326655
-0.285595
-0.244039
-0.202082
-0.159816
-0.117338
-0.074739
-0.032112
0.010451
0.052861
0.095032
-0.631950
-0.590509
-0.549549
-0.509146
-0.469369
-0.430283
-0.391946
-0.354417
-0.317742
-0.281968
-0.247132
-0.213268
-0.180401
-0.148554
-0.117740
-0.087969
-0.059243
-0.031560
-0.004909
0.020723
0.045357
0.069019
0.091741
0.113557
0.134510
0.154644
0.174007
0.192655
0.210642
0.228029
0.244878
0.261254
0.277223
0.292853
-0.047370
-0.032209
-0.017178
-0.002207
0.012775
0.027834
0.043038
0.058452
0.074139
0.090160
0.106573
0.123431
0.140788
0.158688
0.177175
0.196291
0.216067
-0.532295
-0.511110
-0.489189
-0.466516
-0.443081
-0.418878
-0.393908
-0.368175
-0.341691
-0.314469
-0.286530
-0.257898
-0.228602
-0.198675
-0.168155
-0.137082
-0.105502
-0.073462
-0.041014
-0.008209
0.024894
0.058241
0.091769
0.125421
0.159134
-0.172347
-0.138694
-0.105166
-0.071820
-0.038716
-0.005912
0.026537
0.058577
0.090157
0.121229
0.151749
0.181677
0.210972
0.239605
0.267543
0.294765
0.321250
0.346982
0.371952
0.396155
0.419590
0.442264
0.464185
0.485369
0.505836
0.525613
-0.224101
-0.205613
-0.187713
-0.170357
-0.153498
-0.137086
-0.121064
-0.105377
-0.089963
-0.074759
-0.059700
-0.044719
-0.029748
-0.014716
0.000444
0.015805
0.031435
-0.308180
-0.291804
-0.274955
-0.257568
-0.239580
-0.220933
-0.201569
-0.181435
-0.160483
-0.138666
-0.115945
-0.092283
-0.067648
-0.042016
-0.015366
0.012318
0.041043
0.070814
0.101628
0.133475
0.166342
0.200207
0.235042
0.270817
0.307491
0.345021
0.383357
0.422443
0.462221
0.502624
0.543583
0.585025
0.626872
0.669042
-0.057376
-0.014813
0.027813
0.070413
0.112891
0.155157
0.197114
0.238670
0.279730
0.320202
0.359996
0.399020
0.437189
0.474417
0.510624
0.545733
0.579670
0.612365
0.643756
0.673783
0.702392
0.729537
0.755175
0.779272
0.801799
0.822733
0.842062
0.859774
0.875872
0.890359
0.903251
0.914565
0.924333
0.932585
0.939366
0.944721
0.948706
0.951381
0.952813
0.953074
0.952242
0.950399
0.947633
0.944035
0.939700
0.934727
0.929219
0.923280
0.917014
0.910530
0.903937
