-0.034721
-0.909942
-0.921034
-0.931793
-0.942111
-0.951884
-0.961010
-0.969390
-0.976930
-0.983543
-0.989145
-0.993659
-0.997014
-0.999147
-1.000000
-0.999524
-0.997677
-0.994427
-0.989746
-0.983618
-0.976032
-0.966988
-0.956492
-0.944560
-0.931212
-0.916480
-0.900400
-0.883017
-0.864381
-0.844549
-0.823583
-0.801552
-0.778526
-0.754585
-0.729806
-0.704273
-0.678072
-0.651291
-0.624017
-0.596339
-0.568346
-0.540126
-0.511767
-0.483352
-0.454965
-0.426685
-0.398588
-0.370745
-0.343224
-0.316088
-0.289393
-0.263191
-0.237528
-0.212443
-0.187969
-0.164134
-0.140956
-0.118450
-0.096621
-0.075471
-0.054992
-0.035173
-0.015994
0.002569
0.020546
0.037974
0.054892
0.071346
0.087384
0.103060
0.118428
0.133548
0.148479
0.163284
0.063425
0.078166
0.092971
0.107900
0.123016
0.138378
0.154044
0.170067
0.186500
0.203388
0.220776
0.238702
-0.176281
-0.157182
-0.137459
-0.117094
-0.096075
-0.074397
-0.052060
-0.029072
-0.005442
0.018807
0.043654
0.069067
0.095011
0.121444
0.148319
0.175586
0.203190
-0.264339
-0.236245
-0.208004
-0.179684
-0.151356
-0.123092
-0.094967
-0.067054
-0.039427
-0.012160
0.014675
0.041009
0.066771
0.091897
0.116325
0.139995
0.162854
0.184851
0.205943
0.226088
0.245255
0.263415
0.280547
0.296635
0.311671
0.096526
0.109460
0.121355
0.132231
0.142113
0.151031
0.159024
0.166135
0.172412
0.177912
0.182693
0.186821
0.190365
0.193396
0.195990
0.198228
0.200190
0.201959
0.203619
0.090655
0.092352
0.094194
0.096265
0.098647
0.101419
0.104659
0.108439
0.112829
0.117896
0.123701
0.130301
0.137745
0.146079
0.155342
0.165568
0.176783
0.189006
0.202251
0.216525
0.231827
0.248149
0.265480
0.283797
-0.365727
-0.345522
-0.324428
-0.302489
-0.279755
-0.256280
-0.232124
-0.207349
-0.182022
-0.156213
-0.129994
-0.103439
-0.076625
-0.049628
-0.022526
0.004603
0.031683
0.058638
0.085394
0.111878
0.138022
0.163760
0.189029
0.213770
0.237928
0.261455
0.284305
0.306440
0.327825
0.348431
0.368237
0.387226
0.405388
0.422717
-0.056193
-0.040518
-0.025653
-0.011580
0.001725
0.014291
0.026153
0.037348
0.047921
0.057916
0.067385
0.076380
0.084957
0.093174
0.101091
-0.005833
0.001664
0.009043
0.016367
0.023693
0.031084
0.038594
0.046280
0.054194
0.062387
0.070903
0.079787
0.089077
0.098807
0.109007
0.119703
0.130915
0.142658
0.154942
0.167774
0.181153
0.195073
0.209525
0.224495
0.239961
0.255901
0.272287
0.289085
0.306260
0.323772
0.341578
0.359635
0.377895
0.396308
0.414823
0.433391
